#
#"Frequency / GHz"	"S1,4 [Mag]"	"S1,4 [Pha in deg.]"
#---------------------------------------------------
290.00000000000	0.50655722124248	-78.377437742472
290.61000000000	0.51181545159802	-82.960581752962
291.22000000000	0.51699449813377	-87.571011101250
291.83000000000	0.52206812852556	-92.207809169979
292.44000000000	0.52700966261006	-96.869755466135
293.05000000000	0.53179236063889	-101.55530763332
293.66000000000	0.53638992544709	-106.26258751490
294.27000000000	0.54077711084988	-110.98937416217
294.88000000000	0.54493041852271	-115.73310632744
295.49000000000	0.54882885591643	-120.49089642086
296.10000000000	0.55245471944459	-125.25955715827
296.71000000000	0.55579436135763	-130.03564123092
297.32000000000	0.55883889636280	-134.81549335773
297.93000000000	0.56158480581190	-139.59531313214
298.54000000000	0.56403440327271	-144.37122625544
299.15000000000	0.56619613501973	-149.13936116340
299.76000000000	0.56808470125744	-153.89592779004
300.37000000000	0.56972099707681	-158.63729532668
300.98000000000	0.57113188428246	-163.36006634419
301.59000000000	0.57234981442468	-168.06114552171
302.20000000000	0.57341232803665	-172.73780240837
302.81000000000	0.57436145426211	-177.38772904341
303.42000000000	0.57524302865775	177.99090523440
304.03000000000	0.57610593589237	173.39939797888
304.64000000000	0.57700127052233	168.83845175548
305.25000000000	0.57798139653055	164.30810034314
305.86000000000	0.57909887963235	159.80761736917
306.47000000000	0.58040527061589	155.33540360914
307.08000000000	0.58194973668091	150.88885372911
307.69000000000	0.58377756898088	146.46421141458
308.30000000000	0.58592862745114	142.05643383741
308.91000000000	0.58843579850004	137.65910055840
309.52000000000	0.59132351760791	133.26441350881
310.13000000000	0.59460634814461	128.86333622885
310.74000000000	0.59828754969861	124.44590514523
311.35000000000	0.60235758390095	120.00171233636
311.96000000000	0.60679264246577	115.52051665432
312.57000000000	0.61155350660103	110.99290400193
313.18000000000	0.61658523199683	106.41090200737
313.79000000000	0.62181815563868	101.76846338316
314.40000000000	0.62717048641433	97.061759508056
315.01000000000	0.63255235139788	92.289260533344
315.62000000000	0.63787078576419	87.451611789588
316.23000000000	0.64303492370084	82.551343289056
316.84000000000	0.64796063515767	77.592466866695
317.45000000000	0.65257403162654	72.580022476832
318.06000000000	0.65681354797927	67.519631463627
318.67000000000	0.66063059935930	62.417102432747
319.28000000000	0.66398903865816	57.278118503749
319.89000000000	0.66686376705092	52.108017442035
320.50000000000	0.66923887972794	46.911661772544
321.11000000000	0.67110568656850	41.693386182540
321.72000000000	0.67246086568437	36.457004500193
322.33000000000	0.67330491516677	31.205857424597
322.94000000000	0.67364098426245	25.942883693683
323.55000000000	0.67347409906475	20.670700267220
324.16000000000	0.67281075167967	15.391680425429
324.77000000000	0.67165879342095	10.108021847517
325.38000000000	0.67002755788424	4.8217994523499
325.99000000000	0.66792813469905	-0.46500002025609
326.60000000000	0.66537371611584	-5.7504629902638
327.21000000000	0.66237994409849	-11.032753550195
327.82000000000	0.65896519386548	-16.310136438291
328.43000000000	0.65515074001149	-21.581016575759
329.04000000000	0.65096076285526	-26.843992615753
329.65000000000	0.64642216496115	-32.097921439650
330.26000000000	0.64156418022682	-37.341990157112
330.87000000000	0.63641776979438	-42.575791912700
331.48000000000	0.63101480956073	-47.799401659058
332.09000000000	0.62538708257818	-53.013447997025
332.70000000000	0.61956509573624	-58.219177160196
333.31000000000	0.61357674377602	-63.418505173928
333.92000000000	0.60744584538050	-68.614054070054
334.53000000000	0.60119057682202	-73.809167710052
335.14000000000	0.59482183002449	-79.007902186141
335.75000000000	0.58834152603247	-84.214984881456
336.36000000000	0.58174092435943	-89.435735068119
336.97000000000	0.57499898638713	-94.675937472276
337.58000000000	0.56808087975487	-99.941658719477
338.19000000000	0.56093675270989	-105.23899534457
338.80000000000	0.55350096320196	-110.57374169103
339.41000000000	0.54569201423146	-115.95096739702
340.02000000000	0.53741351601293	-121.37449839620
340.63000000000	0.52855654974684	-126.84630370647
341.24000000000	0.51900381911310	-132.36580378532
341.85000000000	0.50863590520679	-137.92913514972
342.46000000000	0.49733974542917	-143.52842899527
343.07000000000	0.48501910609400	-149.15118511228
343.68000000000	0.47160632124193	-154.77984028489
344.29000000000	0.45707400490597	-160.39163437675
344.90000000000	0.44144497048746	-165.95885935671
345.51000000000	0.42479841898635	-171.44953220854
346.12000000000	0.40727076532374	-176.82846521426
346.73000000000	0.38905029686206	177.94137099987
347.34000000000	0.37036602766618	172.89736659650
347.95000000000	0.35147226867949	168.07589613756
348.56000000000	0.33263116040331	163.51129474110
349.17000000000	0.31409536036505	159.23547434681
349.78000000000	0.29609187328010	155.27862431155
350.39000000000	0.27880437119562	151.67198627580
351.00000000000	0.26233824731147	148.45529806078
351.61000000000	0.24658698819564	145.69359094286
352.22000000000	0.23055124271831	143.44611207662
352.83000000000	0.21250358045094	140.64187189426
353.44000000000	0.20278470739974	137.16333740568
354.05000000000	0.19496315500057	135.35760637211
354.66000000000	0.18689312378687	134.04699907995
355.27000000000	0.17952296466203	132.99067561525
355.88000000000	0.17317140181029	132.14603371894
356.49000000000	0.16793186386150	131.48057463425
357.10000000000	0.16382188420608	130.95567442301
357.71000000000	0.16082818319424	130.52721799923
358.32000000000	0.15892282312948	130.14803032274
358.93000000000	0.15807033603240	129.77039994600
359.54000000000	0.15823166261598	129.34836282070
360.15000000000	0.15936680656012	128.83955200972
360.76000000000	0.16143683012384	128.20647478873
361.37000000000	0.16440535514231	127.41716603789
361.98000000000	0.16823956709202	126.44526342692
362.59000000000	0.17291067325380	125.26962457622
363.20000000000	0.17839376594185	123.87364362378
363.81000000000	0.18466705365105	122.24442594270
364.42000000000	0.19171043185062	120.37195684774
365.03000000000	0.19950336850874	118.24836693782
365.64000000000	0.20802208298665	115.86736406970
366.25000000000	0.21723601181527	113.22387565279
366.86000000000	0.22710359574215	110.31392621879
367.47000000000	0.23756750581134	107.13476206456
368.08000000000	0.24854956738564	103.68522336183
368.69000000000	0.25994584776056	99.966349902537
369.30000000000	0.27162263497235	95.982185305620
369.91000000000	0.28341430938960	91.740713305394
370.52000000000	0.29512430664552	87.254819263582
371.13000000000	0.30653035597162	82.543126201312
371.74000000000	0.31739480278831	77.630519789210
372.35000000000	0.32747999502766	72.548168246200
372.96000000000	0.33656748632293	67.332878229470
373.57000000000	0.34447846111163	62.025715799833
374.18000000000	0.35109178392407	56.669956744798
374.79000000000	0.35635592932597	51.308589246986
375.40000000000	0.36029208396361	45.981731792846
376.01000000000	0.36298781497823	40.724392346357
376.62000000000	0.36458317474159	35.564928768039
377.23000000000	0.36525288440646	30.524376233287
377.84000000000	0.36518851514190	25.616569476798
378.45000000000	0.36458348408055	20.848824097868
379.06000000000	0.36362207971227	16.222907911415
379.67000000000	0.36247247331995	11.736094052990
380.28000000000	0.36128304250373	7.3821715674697
380.89000000000	0.36018117287043	3.1523530931208
381.50000000000	0.35927376983361	-0.96394375408498
382.11000000000	0.35864885185786	-4.9784455287880
382.72000000000	0.35837774634885	-8.9034970308145
383.33000000000	0.35851754640410	-12.751649951601
383.94000000000	0.35911359957608	-16.535354212289
384.55000000000	0.36020188327223	-20.266740451050
385.16000000000	0.36181117604329	-23.957482968007
385.77000000000	0.36396496569244	-27.618732721071
386.38000000000	0.36668305258045	-31.261109232342
386.99000000000	0.36998281809307	-34.894738781760
387.60000000000	0.37388013954239	-38.529324795414
388.21000000000	0.37838994551021	-42.174235707459
388.82000000000	0.38352641836700	-45.838596273144
389.43000000000	0.38930286060610	-49.531370290642
390.04000000000	0.39573124649793	-53.261425456291
390.65000000000	0.40282147997436	-57.037573946806
391.26000000000	0.41058037518247	-60.868584699750
391.87000000000	0.41901037082078	-64.763164925206
392.48000000000	0.42810798683573	-68.729909108215
393.09000000000	0.43786203591915	-72.777213878209
393.70000000000	0.44825161568172	-76.913156997398
394.31000000000	0.45924393288209	-81.145338780760
394.92000000000	0.47079205015502	-85.480684930540
395.53000000000	0.48283269814208	-89.925211434399
396.14000000000	0.49528435890144	-94.483755147523
396.75000000000	0.50804589297383	-99.159678124641
397.36000000000	0.52099604011257	-103.95455961983
397.97000000000	0.53399415419801	-108.86789649707
398.58000000000	0.54688251366702	-113.89683967674
399.19000000000	0.55949045758055	-119.03599973943
399.80000000000	0.57164042022081	-124.27735707110
400.41000000000	0.58315567835542	-129.61030907484
401.02000000000	0.59386931666443	-135.02187766640
401.63000000000	0.60363361856511	-140.49708446070
402.24000000000	0.61232888012494	-146.01948048803
402.85000000000	0.61987059722769	-151.57179551099
403.46000000000	0.62621413015859	-157.13665368617
404.07000000000	0.63135628953960	-162.69729181760
404.68000000000	0.63533374039609	-168.23821643151
405.29000000000	0.63821857951498	-173.74574632171
405.90000000000	0.64011179965508	-179.20840534777
406.51000000000	0.64113554391618	175.38284829378
407.12000000000	0.64142506012602	170.03454997109
407.73000000000	0.64112112299361	164.75079198619
408.34000000000	0.64036346354037	159.53339179146
408.95000000000	0.63928549663842	154.38213181920
409.56000000000	0.63801041879907	149.29504000856
410.17000000000	0.63664858725405	144.26868547815
410.78000000000	0.63529599429996	139.29847039983
411.39000000000	0.63403360986988	134.37890561147
412.00000000000	0.63292736559117	129.50386303476
412.61000000000	0.63202857953715	124.66680218314
413.22000000000	0.63137465936819	119.86097093667
413.83000000000	0.63098996324862	115.07958249542
414.44000000000	0.63088673710535	110.31597124587
415.05000000000	0.63106608054695	105.56373043080
415.66000000000	0.63151892100752	100.81683421171
416.27000000000	0.63222699634348	96.069746115628
416.88000000000	0.63316386053003	91.317515087921
417.49000000000	0.63429593567733	86.555859521870
418.10000000000	0.63558363662803	81.781238781859
418.71000000000	0.63698259213715	76.990910953625
419.32000000000	0.63844497933254	72.182974915628
419.93000000000	0.63992097626412	67.356394406532
420.54000000000	0.64136032170929	62.511001637370
421.15000000000	0.64271395336738	57.647478221771
421.76000000000	0.64393567706883	52.767311805027
422.37000000000	0.64498380302894	47.872727752965
422.98000000000	0.64582267307120	42.966596553447
423.59000000000	0.64642399749090	38.052319072154
424.20000000000	0.64676792348037	33.133693329756
424.81000000000	0.64684376930326	28.214767843810
425.42000000000	0.64665037878899	23.299687622864
426.03000000000	0.64619607693478	18.392539464917
426.64000000000	0.64549823611730	13.497203213877
427.25000000000	0.64458248982973	8.6172150629404
427.86000000000	0.64348165342479	3.7556479423808
428.47000000000	0.64223442639699	-1.0849873619116
429.08000000000	0.64088395693693	-5.9028182555977
429.69000000000	0.63947634693662	-10.696662942813
430.30000000000	0.63805916569398	-15.466060264246
430.91000000000	0.63668002553620	-20.211278364595
431.52000000000	0.63538525517257	-24.933304291906
432.13000000000	0.63421868952820	-29.633816703221
432.74000000000	0.63322058051404	-34.315143541282
433.35000000000	0.63242662354323	-38.980205961279
433.96000000000	0.63186709085061	-43.632449079127
434.57000000000	0.63156606530094	-48.275759477175
435.18000000000	0.63154077700587	-52.914369057518
435.79000000000	0.63180105829780	-57.552744990649
436.40000000000	0.63234894786063	-62.195466331758
437.01000000000	0.63317848839445	-66.847089420499
437.62000000000	0.63427576965789	-71.512006318305
438.23000000000	0.63561926578456	-76.194302929463
438.84000000000	0.63718049955688	-80.897625558079
439.45000000000	0.63892503686772	-85.625065835054
440.06000000000	0.64081377575641	-90.379073652622
440.67000000000	0.64280445363967	-95.161405707473
441.28000000000	0.64485326308318	-99.973113662613
441.89000000000	0.64691644922462	-104.81457143720
442.50000000000	0.64895176552601	-109.68553666329
443.11000000000	0.65091968812556	-114.58523785713
443.72000000000	0.65278432661632	-119.51247700059
444.33000000000	0.65451401142859	-124.46573720417
444.94000000000	0.65608157594018	-129.44328664420
445.55000000000	0.65746437844045	-134.44327243357
446.16000000000	0.65864412256639	-139.46380081299
446.77000000000	0.65960653598234	-144.50300246728
447.38000000000	0.66034095948697	-149.55908353961
447.99000000000	0.66083988679186	-154.63036393738
448.60000000000	0.66109848277949	-159.71530488757
449.21000000000	0.66111409770842	-164.81252759611
449.82000000000	0.66088578778187	-169.92082451098
450.43000000000	0.66041384877928	-175.03916426335
451.04000000000	0.65969936838328	179.83330900479
451.65000000000	0.65874380341235	174.69728145718
452.26000000000	0.65754858937761	169.55328014598
452.87000000000	0.65611479077983	164.40168794142
453.48000000000	0.65444280076597	159.24276224981
454.09000000000	0.65253209784727	154.07665676818
454.70000000000	0.65038106524937	148.90344532247
455.31000000000	0.64798687521161	143.72314666921
455.92000000000	0.64534543641520	138.53574904550
456.53000000000	0.64245139805118	133.34123325957
457.14000000000	0.63929819927285	128.13959324594
457.75000000000	0.63587814840558	122.93085327903
458.36000000000	0.63218251282093	117.71508145038
458.97000000000	0.62820159832964	112.49239956181
459.58000000000	0.62392479678163	107.26299025664
460.19000000000	0.61934058270432	102.02710298078
460.80000000000	0.61443644462787	96.785061206429
461.41000000000	0.60919874453302	91.537274224036
462.02000000000	0.60361250982055	86.284257660372
462.63000000000	0.59766117642072	81.026667641409
463.24000000000	0.59132631900516	75.765354090940
463.85000000000	0.58458742427024	70.501438907728
464.46000000000	0.57742178492913	65.236424521024
465.07000000000	0.56980461356610	59.972337362622
465.68000000000	0.56170949388978	54.711908842728
466.29000000000	0.55310929767712	49.458793179045
466.90000000000	0.54397769262873	44.217816627978
467.51000000000	0.53429134182268	38.995246143468
468.12000000000	0.52403284147796	33.799057340252
468.73000000000	0.51319435431331	28.639172401370
469.34000000000	0.50178177051919	23.527629398736
469.95000000000	0.48981907689028	18.478637252396
470.56000000000	0.47735246025977	13.508467698308
471.17000000000	0.46445355108461	8.6351398101866
471.78000000000	0.45122117167042	3.8778659209979
472.39000000000	0.43778103048099	-0.74374915512014
473.00000000000	0.42428301567716	-5.2107324835989
473.61000000000	0.41089606633994	-9.5059324890240
474.22000000000	0.39780097742362	-13.615281491512
474.83000000000	0.38518183741261	-17.529013843553
475.44000000000	0.37321702162553	-21.242710577075
476.05000000000	0.36207071715326	-24.758047142117
476.66000000000	0.35188583461986	-28.083144826963
477.27000000000	0.34277890977866	-31.232467189903
477.88000000000	0.33483728208617	-34.226255925192
478.49000000000	0.32811852594477	-37.089558702247
479.10000000000	0.32265185389195	-39.850954770118
479.71000000000	0.31844103651407	-42.541121771895
480.32000000000	0.31546829732413	-45.191400742133
480.93000000000	0.31369863398070	-47.832502597416
481.54000000000	0.31308407328698	-50.493462568854
482.15000000000	0.31356746535954	-53.200898823017
482.76000000000	0.31508554024369	-55.978580149819
483.37000000000	0.31757106851224	-58.847265454246
483.98000000000	0.32095407180890	-61.824750736799
484.59000000000	0.32516211278420	-64.926048109506
485.20000000000	0.33011975640954	-68.163623286107
485.81000000000	0.33574734169972	-71.547628396247
486.42000000000	0.34195924280129	-75.086081592139
487.03000000000	0.34866183968507	-78.784960685967
487.64000000000	0.35575146713875	-82.648193449278
488.25000000000	0.36311266693728	-86.677541945911
488.86000000000	0.37061712480530	-90.872392775522
489.47000000000	0.37812371439489	-95.229479832161
490.08000000000	0.38548006884604	-99.742580990412
490.69000000000	0.39252602477090	-104.40224376643
491.30000000000	0.39909910556941	-109.19560486626
491.91000000000	0.40504192130932	-114.10637096514
492.52000000000	0.41021098679442	-119.11501929609
493.13000000000	0.41448606896135	-124.19925441869
493.74000000000	0.41777887791031	-129.33472294155
494.35000000000	0.42003982713679	-134.49594638877
494.96000000000	0.42126178006824	-139.65739295953
495.57000000000	0.42148015909318	-144.79458187811
496.18000000000	0.42076941207411	-149.88510699697
496.79000000000	0.41923644180040	-154.90948118405
497.40000000000	0.41701204336314	-159.85173514118
498.01000000000	0.41424156797713	-164.69974441678
498.62000000000	0.41107593877554	-169.44529630726
499.23000000000	0.40766386172062	-174.08393641664
499.84000000000	0.40414571398803	-178.61464952437
500.45000000000	0.40064925310616	176.96056806848
501.06000000000	0.39728703537473	172.63719386555
501.67000000000	0.39415528214635	168.40868209622
502.28000000000	0.39133387622129	164.26695554069
502.89000000000	0.38888718038503	160.20286704014
503.50000000000	0.38686541548820	156.20661796022
504.11000000000	0.38530639114123	152.26812454356
504.72000000000	0.38423743153502	148.37732491135
505.33000000000	0.38367737456190	144.52442075079
505.94000000000	0.38363854409163	140.70004960052
506.55000000000	0.38412860746886	136.89538674916
507.16000000000	0.38515223934587	133.10218003577
507.77000000000	0.38671252427458	129.31272561890
508.38000000000	0.38881204680961	125.51979707102
508.99000000000	0.39145363875484	121.71654302957
509.60000000000	0.39464077565208	117.89636955523
510.21000000000	0.39837763470934	114.05282230925
510.82000000000	0.40266884075997	110.17948113564
511.43000000000	0.40751893391231	106.26987635437
512.04000000000	0.41293159268549	102.31743278290
512.65000000000	0.41890864167853	98.315444771387
513.26000000000	0.42544886617707	94.257083653422
513.87000000000	0.43254665080499	90.135438007673
514.48000000000	0.44019045837739	85.943586822237
515.09000000000	0.44836117102653	81.674705759097
515.70000000000	0.45703033038022	77.322206882877
516.31000000000	0.46615833826847	72.879912091000
516.92000000000	0.47569271426878	68.342259724919
517.53000000000	0.48556654988961	63.704542161408
518.14000000000	0.49569734738024	58.963169364109
518.75000000000	0.50598647669571	54.115949341201
519.36000000000	0.51631951570307	49.162371349468
519.97000000000	0.52656774130662	44.103871973115
520.58000000000	0.53659099621324	38.944058750403
521.19000000000	0.54624205368484	33.688862085392
521.80000000000	0.55537243607399	28.346585289225
522.41000000000	0.56383942354989	22.927826203467
523.02000000000	0.57151374915000	17.445252868148
523.63000000000	0.57828726595591	11.913229919167
524.24000000000	0.58407975083538	6.3473101972427
524.85000000000	0.58884402570161	0.76362440988613
525.46000000000	0.59256875026595	-4.8217831622186
526.07000000000	0.59527854577802	-10.393616454858
526.68000000000	0.59703148342269	-15.937930715451
527.29000000000	0.59791432928163	-21.442629649007
527.90000000000	0.59803620239265	-26.897824794011
528.51000000000	0.59752142678087	-32.296043719971
529.12000000000	0.59650233727109	-37.632291285712
529.73000000000	0.59511266336223	-42.903982140327
530.34000000000	0.59348191611123	-48.110771334148
530.95000000000	0.59173099170200	-53.254313204737
531.56000000000	0.58996902173096	-58.337977537572
532.17000000000	0.58829136591124	-63.366547822869
532.78000000000	0.58677856297834	-68.345920737152
533.39000000000	0.58549602366050	-73.282820006125
534.00000000000	0.58449425358047	-78.184532397279
534.61000000000	0.58380942081712	-83.058669205764
535.22000000000	0.58346412134540	-87.912953392487
535.83000000000	0.58346823743449	-92.755030468068
536.44000000000	0.58381982402519	-97.592300143417
537.05000000000	0.58450599320110	-102.43176550168
537.66000000000	0.58550379576042	-107.27989680268
538.27000000000	0.58678112108942	-112.14250784407
538.88000000000	0.58829765185496	-117.02464392737
539.49000000000	0.59000591828246	-121.93048177978
540.10000000000	0.59185249766316	-126.86324313176
540.71000000000	0.59377939790620	-131.82512490885
541.32000000000	0.59572564929347	-136.81725001092
541.93000000000	0.59762910655144	-141.83964326686
542.54000000000	0.59942843529194	-146.89123721490
543.15000000000	0.60106522535983	-151.96991175224
543.76000000000	0.60248614245307	-157.07257036556
544.37000000000	0.60364500326069	-162.19525363926
544.98000000000	0.60450464322853	-167.33328819050
545.59000000000	0.60503844406975	-172.48146636787
546.20000000000	0.60523140259901	-177.63424932205
546.81000000000	0.60508065301332	177.21401620618
547.42000000000	0.60459539802507	172.06887848989
548.03000000000	0.60379625439464	166.93557033477
548.64000000000	0.60271406811459	161.81881833299
549.25000000000	0.60138829657508	156.72268095504
549.86000000000	0.59986508389563	151.65042210621
550.47000000000	0.59819516829167	146.60442389299
551.08000000000	0.59643175689381	141.58613944088
551.69000000000	0.59462848650681	136.59608401761
552.30000000000	0.59283756274864	131.63386069033
552.91000000000	0.59110813983033	126.69821540771
553.52000000000	0.58948497351748	121.78711575774
554.13000000000	0.58800735408103	116.89784762396
554.74000000000	0.58670830645158	112.02712440318
555.35000000000	0.58561403216077	107.17120418532
555.96000000000	0.58474356172825	102.32601116598
556.57000000000	0.58410858595380	97.487258421275
557.18000000000	0.58371343873084	92.650569914548
557.79000000000	0.58355521101451	87.811600152914
558.40000000000	0.58362398399711	82.966150231037
559.01000000000	0.58390317802985	78.110279081842
559.62000000000	0.58437002118573	73.240408617940
560.23000000000	0.58499614653377	68.353421134933
560.84000000000	0.58574832929289	63.446746921209
561.45000000000	0.58658937336059	58.518439560094
562.06000000000	0.58747915087312	53.567236016777
562.67000000000	0.58837578848123	48.592598380007
563.28000000000	0.58923698052287	43.594734181194
563.89000000000	0.59002139351259	38.574592625525
564.50000000000	0.59069011028767	33.533834888585
565.11000000000	0.59120804819659	28.474777847445
565.72000000000	0.59154527649538	23.400312148243
566.33000000000	0.59167815590272	18.313797212571
566.94000000000	0.59159022944259	13.218937447611
567.55000000000	0.59127280831581	8.1196453223560
568.16000000000	0.59072521810515	3.0198978984854
568.77000000000	0.58995469627884	-2.0764062780945
569.38000000000	0.58897595806662	-7.1655833469913
569.99000000000	0.58781047066206	-12.244287683994
570.60000000000	0.58648549246384	-17.309618450789
571.21000000000	0.58503294316869	-22.359206240220
571.82000000000	0.58348817195308	-27.391278353175
572.43000000000	0.58188868601259	-32.404702473764
573.04000000000	0.58027289241189	-37.399009437716
573.65000000000	0.57867889475438	-42.374396400727
574.26000000000	0.57714337451307	-47.331712053521
574.87000000000	0.57570057631512	-52.272425673796
575.48000000000	0.57438140780373	-57.198581825611
576.09000000000	0.57321265823219	-62.112742468346
576.70000000000	0.57221633571906	-67.017918145588
577.31000000000	0.57140912098548	-71.917489789175
577.92000000000	0.57080193510093	-76.815122482977
578.53000000000	0.57039961970343	-81.714672283256
579.14000000000	0.57020072948823	-86.620086934371
579.75000000000	0.57019743768876	-91.535301177215
580.36000000000	0.57037555585522	-96.464127516854
580.97000000000	0.57071467099947	-101.41014393700
581.58000000000	0.57118840842067	-106.37658102705
582.19000000000	0.57176483777078	-111.36621193331
582.80000000000	0.57240704958419	-116.38124902714
583.41000000000	0.57307393319686	-121.42325112247
584.02000000000	0.57372118018594	-126.49304483314
584.63000000000	0.57430252072109	-131.59066365606
585.24000000000	0.57477117771557	-136.71530866007
585.85000000000	0.57508149952544	-141.86533492941
586.46000000000	0.57519070851384	-147.03826773967
587.07000000000	0.57506068151896	-152.23085157677
587.68000000000	0.57465966112289	-157.43913351592
588.29000000000	0.57396378650884	-162.65858029604
588.90000000000	0.57295833270401	-167.88422589582
589.51000000000	0.57163855929031	-173.11084384290
590.12000000000	0.57001009451455	-178.33313619371
590.73000000000	0.56808881611430	176.45407057388
591.34000000000	0.56590023191178	171.25563335685
591.95000000000	0.56347840568887	166.07591435905
592.56000000000	0.56086451106851	160.91862644717
593.17000000000	0.55810512297859	155.78670919686
593.78000000000	0.55525036950422	150.68224027902
594.39000000000	0.55235206569051	145.60638397100
595.00000000000	0.54946193668661	140.55937582972
595.61000000000	0.54663001395062	135.54054025428
596.22000000000	0.54390325951728	130.54833602029
596.83000000000	0.54132444410380	125.58042398816
597.44000000000	0.53893127890075	120.63375104968
598.05000000000	0.53675578083786	115.70464485386
598.66000000000	0.53482383811451	110.78891475630
599.27000000000	0.53315493679558	105.88195555754
599.88000000000	0.53176200937271	100.97885174522
600.49000000000	0.53065137099037	96.074480985023
601.10000000000	0.52982271704203	91.163616418017
601.71000000000	0.52926916569619	86.241027865100
602.32000000000	0.52897733950443	81.301582298123
602.93000000000	0.52892749070356	76.340343917569
603.54000000000	0.52909368444716	71.352673900190
604.15000000000	0.52944406234417	66.334329374734
604.76000000000	0.52994121466363	61.281560485732
605.37000000000	0.53054269261121	56.191203560451
605.98000000000	0.53120169133848	51.060767464484
606.59000000000	0.53186792895096	45.888509300070
607.20000000000	0.53248873605162	40.673494775041
607.81000000000	0.53301035401504	35.415637978150
608.42000000000	0.53337941864459	30.115715080240
609.03000000000	0.53354458045653	24.775346778851
609.64000000000	0.53345818595595	19.396945227681
610.25000000000	0.53307791929483	13.983622799909
610.86000000000	0.53236828464665	8.5390623035633
611.47000000000	0.53130180053642	3.0673510787335
612.08000000000	0.52985978149458	-2.4272154611403
612.69000000000	0.52803260141388	-7.9403521391931
613.30000000000	0.52581936627054	-13.468012686731
613.91000000000	0.52322696827936	-19.006615235023
614.52000000000	0.52026854365945	-24.553250084893
615.13000000000	0.51696140509776	-30.105855453220
615.74000000000	0.51332456062513	-35.663348377717
616.35000000000	0.50937595718443	-41.225700450162
616.96000000000	0.50512959658561	-46.793951076930
617.57000000000	0.50059266429993	-52.370153894113
618.18000000000	0.49576279183172	-57.957254082907
618.79000000000	0.49062554837460	-63.558894984850
619.40000000000	0.48515223591644	-69.179151104794
620.01000000000	0.47929805292056	-74.822180997750
620.62000000000	0.47300070338180	-80.491787491004
621.23000000000	0.46617956757772	-86.190864062313
621.84000000000	0.45873562487036	-91.920694789901
622.45000000000	0.45055243473833	-97.680060879636
623.06000000000	0.44149864847725	-103.46408937616
623.67000000000	0.43143274953615	-109.26276040994
624.28000000000	0.42021100793520	-115.05897244770
624.89000000000	0.40769996266776	-120.82606181077
625.50000000000	0.39379503267762	-126.52470881023
626.11000000000	0.37844688821244	-132.09928929577
626.72000000000	0.36169654811202	-137.47403605630
627.33000000000	0.34371806695596	-142.54998417691
627.94000000000	0.32486326218508	-147.20468877612
628.55000000000	0.30569597120540	-151.29799484713
629.16000000000	0.28699599168200	-154.68794286083
629.77000000000	0.26971161894729	-157.25946032454
630.38000000000	0.25485359092008	-158.96284545141
630.99000000000	0.24335367365383	-159.85007687372
631.60000000000	0.23593879524213	-160.09149306915
632.21000000000	0.23306513316895	-159.96147019223
632.82000000000	0.23491222145344	-159.79657617914
633.43000000000	0.24139866266217	-159.94004597218
634.04000000000	0.25218868958899	-160.68729314513
634.65000000000	0.26669481783569	-162.24516831398
635.26000000000	0.28410086107347	-164.71422496081
635.87000000000	0.30342000558424	-168.09502908447
636.48000000000	0.32358483739290	-172.31068422067
637.09000000000	0.34355492222002	-177.23495877540
637.70000000000	0.36242231710447	177.28158262162
638.31000000000	0.37949415216984	171.39083764282
638.92000000000	0.39433601409660	165.23257054845
639.53000000000	0.40677079032641	158.92560154004
640.14000000000	0.41684046243656	152.56394275646
640.75000000000	0.42474681743209	146.21673565162
641.36000000000	0.43078814676011	139.93069053201
641.97000000000	0.43530434291605	133.73380141510
642.58000000000	0.43863622416105	127.63937665152
643.19000000000	0.44109952009646	121.64977231941
643.80000000000	0.44297091434559	115.75952994960
644.41000000000	0.44448257918251	109.95784516618
645.02000000000	0.44582192113931	104.23042357231
645.63000000000	0.44713403928272	98.560836612540
646.24000000000	0.44852522414668	92.931501207973
646.85000000000	0.45006650017343	87.324395445579
647.46000000000	0.45179669998867	81.721603042313
648.07000000000	0.45372488669729	76.105759200070
648.68000000000	0.45583216019986	70.460452617516
649.29000000000	0.45807303859654	64.770622981741
649.90000000000	0.46037672459760	59.022979144322
650.51000000000	0.46264866128640	53.206448955479
651.12000000000	0.46477284675040	47.312656181779
651.73000000000	0.46661539293291	41.336402591467
652.34000000000	0.46802974943868	35.276114901484
652.95000000000	0.46886383533579	29.134199214710
653.56000000000	0.46896901360830	22.917233912166
654.17000000000	0.46821042225182	16.635930871066
654.78000000000	0.46647771459628	10.304809066675
655.39000000000	0.46369488315065	3.9415560223964
656.00000000000	0.45982769178077	-2.4339018632639
656.61000000000	0.45488742959630	-8.8005482105437
657.22000000000	0.44893023696562	-15.137529517023
657.83000000000	0.44205202246148	-21.425373409171
658.44000000000	0.43437977642667	-27.647037631057
659.05000000000	0.42606066782439	-33.788685047736
659.66000000000	0.41725054229242	-39.840126897869
660.27000000000	0.40810330703988	-45.794927710475
660.88000000000	0.39876229327410	-51.650209151907
661.49000000000	0.38935418329960	-57.406219858597
662.10000000000	0.37998561699188	-63.065752922366
662.71000000000	0.37074223496442	-68.633495025139
663.32000000000	0.36168969558961	-74.115385554626
663.93000000000	0.35287609943038	-79.518053779144
664.54000000000	0.34433523098028	-84.848388756698
665.15000000000	0.33609005279095	-90.113279811821
665.76000000000	0.32815594516395	-95.319544320031
666.37000000000	0.32054327307001	-100.47403427632
666.98000000000	0.31325898358265	-105.58388554992
667.59000000000	0.30630709211610	-110.65684762451
668.20000000000	0.29968809656866	-115.70161262470
668.81000000000	0.29339754277496	-120.72805757341
669.42000000000	0.28742410885395	-125.74732862848
670.03000000000	0.28174762841565	-130.77172849451
670.64000000000	0.27633741448631	-135.81440586875
671.25000000000	0.27115112050966	-140.88887299575
671.86000000000	0.26613425856866	-146.00838701013
672.47000000000	0.26122044001142	-151.18522741209
673.08000000000	0.25633241116514	-156.42989557080
673.69000000000	0.25138399424004	-161.75026033808
674.30000000000	0.24628306959907	-167.15068028096
674.91000000000	0.24093571204635	-172.63114799307
675.52000000000	0.23525148984425	-178.18652290683
676.13000000000	0.22914973570080	176.19405963370
676.74000000000	0.22256631910201	170.52750229286
677.35000000000	0.21546014795281	164.83668749857
677.96000000000	0.20781840634241	159.14998412488
678.57000000000	0.19965951181522	153.50031618186
679.18000000000	0.19103302955368	147.92386870378
679.79000000000	0.18201629788966	142.45858251368
680.40000000000	0.17270816963321	137.14264090934
681.01000000000	0.16322085262585	132.01316038092
681.62000000000	0.15367115269516	127.10526176654
682.23000000000	0.14417239866734	122.45163158221
682.84000000000	0.13482801283965	118.08260950388
683.45000000000	0.12572722708674	114.02678114969
684.06000000000	0.11694299923035	110.31203155779
684.67000000000	0.10853187595410	106.96702934213
685.28000000000	0.10053542836919	104.02315927729
685.89000000000	0.092982950308767	101.51698513536
686.50000000000	0.085895325950436	99.493365444052
687.11000000000	0.079290298647505	98.009269177065
687.72000000000	0.073189730695679	97.137936642039
688.33000000000	0.067629644232789	96.971891602072
688.94000000000	0.062673414201899	97.620830908058
689.55000000000	0.058426567985128	99.196385116936
690.16000000000	0.055047332376490	101.77255286132
690.77000000000	0.052741594273769	105.31712998139
691.38000000000	0.051731596960345	109.61793968787
691.99000000000	0.052204827338165	114.26499380496
692.60000000000	0.054273179861115	118.73279918057
693.21000000000	0.057961890482054	122.51711237374
693.82000000000	0.063203039703934	125.24356433019
694.43000000000	0.069814089461044	126.73381279341
695.04000000000	0.077514641707286	127.03633837435
695.65000000000	0.086041493564845	126.38416042187
696.26000000000	0.095311869959863	125.07060364422
696.87000000000	0.10551018049269	123.31121055290
697.48000000000	0.11703430728984	121.16804509457
698.09000000000	0.13033847203879	118.55997652019
698.70000000000	0.14575268448854	115.33421736596
699.31000000000	0.16334881302904	111.35286732818
699.92000000000	0.18289262393724	106.55285218152
700.53000000000	0.20388519024753	100.96229000303
701.14000000000	0.22566720736020	94.682319915432
701.75000000000	0.24754493504563	87.854294677911
702.36000000000	0.26889866799224	80.628612963876
702.97000000000	0.28924977526114	73.143013195275
703.58000000000	0.30828205776335	65.511478382861
704.19000000000	0.32582808308634	57.821575243742
704.80000000000	0.34183520873545	50.137467123532
705.41000000000	0.35630622354876	42.507010044069
706.02000000000	0.36911943754964	34.949470320921
706.63000000000	0.38066507416960	27.417978638752
707.24000000000	0.39122826569386	20.002762042548
707.85000000000	0.40065173097644	12.696808497527
708.46000000000	0.40904861204901	5.4891598107713
709.07000000000	0.41653197679431	-1.6245684362500
709.68000000000	0.42320071379824	-8.6483560001789
710.29000000000	0.42914320209293	-15.586535046703
710.90000000000	0.43443938004833	-22.443761920099
711.51000000000	0.43916185925486	-29.224923741862
712.12000000000	0.44337654605328	-35.935074748295
712.73000000000	0.44714297767375	-42.579403406398
713.34000000000	0.45051455982400	-49.163218476722
713.95000000000	0.45353906212998	-55.691954075504
714.56000000000	0.45626033578937	-62.171302227179
715.17000000000	0.45872068707515	-68.608363942457
715.78000000000	0.46092198342329	-75.013593124751
716.39000000000	0.46283161344105	-81.386146031217
717.00000000000	0.46452527659517	-87.729408392616
717.61000000000	0.46601818699033	-94.053538326021
718.22000000000	0.46731107956106	-100.36524044235
718.83000000000	0.46841289992924	-106.66930230706
719.44000000000	0.46933815390946	-112.96784494954
720.05000000000	0.47009676263168	-119.25903009882
720.66000000000	0.47067831978030	-125.53703241887
721.27000000000	0.47104560624448	-131.79394170613
721.88000000000	0.47115086800307	-138.02208291304
722.49000000000	0.47096697087903	-144.21496681338
723.10000000000	0.47051348138428	-150.36746543288
723.71000000000	0.46986467316590	-156.47709939515
724.32000000000	0.46913342624607	-162.54676452972
724.93000000000	0.46843188760871	-168.58674048711
725.54000000000	0.46782632206993	-174.61345706525
726.15000000000	0.46731120167312	179.35474284093
726.76000000000	0.46681013941610	173.30237549602
727.37000000000	0.46619434595418	167.22051762854
727.98000000000	0.46531041183155	161.10929249173
728.59000000000	0.46401635935199	154.97929810920
729.20000000000	0.46222991283073	148.85143741672
729.81000000000	0.45998793869174	142.75274296614
730.42000000000	0.45748196994608	136.70466620340
731.03000000000	0.45499152168824	130.70719064177
731.64000000000	0.45270957691940	124.73562662831
732.25000000000	0.45063010704046	118.75879467873
732.86000000000	0.44861335710166	112.75859822072
733.47000000000	0.44651287117871	106.73306741020
734.08000000000	0.44423963944404	100.68914089703
734.69000000000	0.44176587254400	94.635980855022
735.30000000000	0.43911060202807	88.581395762963
735.91000000000	0.43632514535538	82.529789551903
736.52000000000	0.43347626142096	76.480587775763
737.13000000000	0.43062350388120	70.427632111181
737.74000000000	0.42779639603413	64.360426318526
738.35000000000	0.42498228946695	58.267004034824
738.96000000000	0.42212965879350	52.136997655973
739.57000000000	0.41916161674980	45.963607087397
740.18000000000	0.41599105086351	39.744200100682
740.79000000000	0.41253220818355	33.480034804361
741.40000000000	0.40870796131839	27.175680930563
742.01000000000	0.40445409562246	20.838460188474
742.62000000000	0.39972212737376	14.477970617594
743.23000000000	0.39448168675408	8.1056252859157
743.84000000000	0.38872278221330	1.7341209989438
744.45000000000	0.38245676897316	-4.6231652181329
745.06000000000	0.37571362825610	-10.952515868366
745.67000000000	0.36853438914583	-17.238674015003
746.28000000000	0.36099713578490	-23.472518471852
746.89000000000	0.35319870060978	-29.629483290285
747.50000000000	0.34524763633572	-35.702690456215
748.11000000000	0.33727440480350	-41.683290507719
748.72000000000	0.32941029951456	-47.566899814535
749.33000000000	0.32178497565242	-53.353972392718
749.94000000000	0.31452101139821	-59.050474554353
750.55000000000	0.30772777304441	-64.668467879891
751.16000000000	0.30149481321399	-70.226373478870
751.77000000000	0.29588552027953	-75.748713766329
752.38000000000	0.29093194560473	-81.265267401286
752.99000000000	0.28663134499251	-86.809726022988
753.60000000000	0.28294438334831	-92.418023742966
754.21000000000	0.27979450847290	-98.126498660233
754.82000000000	0.27706792465556	-103.96994664612
755.43000000000	0.27461406260712	-109.97948202788
756.04000000000	0.27224754028485	-116.18000765521
756.65000000000	0.26975424068384	-122.58713874885
757.26000000000	0.26690571877140	-129.20378406719
757.87000000000	0.26348604313004	-136.01741885794
758.48000000000	0.25933028721543	-143.00026095236
759.09000000000	0.25436182641304	-150.11506005833
759.70000000000	0.24860224782037	-157.32690551592
760.31000000000	0.24213278603701	-164.61559970581
760.92000000000	0.23502306130271	-171.97890507815
761.53000000000	0.22728030277623	-179.42228833635
762.14000000000	0.21885834069107	173.05739337889
762.75000000000	0.20971167038601	165.48243727406
763.36000000000	0.19984960009395	157.89418405068
763.97000000000	0.18935810332472	150.34571612514
764.58000000000	0.17837697829935	142.89715525845
765.19000000000	0.16709288487814	135.70623739635
765.80000000000	0.15664318203826	128.38618014305
766.41000000000	0.14538873272102	121.32554040269
767.02000000000	0.13456132617169	114.46392728049
767.63000000000	0.12412605833966	107.75095137247
768.24000000000	0.11408961904259	101.16500281660
768.85000000000	0.10443574607626	94.690174343881
769.46000000000	0.095129064381709	88.323849203274
770.07000000000	0.086132022649627	82.087386940509
770.68000000000	0.077426516108449	76.036808939966
771.29000000000	0.069034605913573	70.269369261813
771.90000000000	0.061029764049952	64.920301645951
772.51000000000	0.053529880279747	60.145254290624
773.12000000000	0.046670064023452	56.088509324184
773.73000000000	0.040563330574766	52.844395065854
774.34000000000	0.035265840871426	50.428090764713
774.95000000000	0.030763163012382	48.771247126089
775.56000000000	0.026980586569513	47.744624549574
776.17000000000	0.023807410871462	47.196840599221
776.78000000000	0.021122471199634	46.993626835286
777.39000000000	0.018813003801507	47.046640708275
778.00000000000	0.016785169950483	47.329850189885
778.61000000000	0.014968503217913	47.887412040225
779.22000000000	0.013317330386405	48.835451565305
779.83000000000	0.011810326587132	50.352620697709
780.44000000000	0.010446460215495	52.650448269806
781.05000000000	0.0092355907985722	55.928705876070
781.66000000000	0.0081873389553393	60.345094541186
782.27000000000	0.0073057504911198	66.020238965964
782.88000000000	0.0065919344502142	73.054129173675
783.49000000000	0.0060494473795078	81.512890183349
784.10000000000	0.0056874911368003	91.380677751352
784.71000000000	0.0055225930563998	102.54865673440
785.32000000000	0.0056153709514862	114.58404935352
785.93000000000	0.0059700979739509	126.72767232279
786.54000000000	0.0066836462900604	138.45802606994
787.15000000000	0.0078636949503595	148.79833085609
787.76000000000	0.0096316200293638	156.93057131548
788.37000000000	0.012107018609460	162.36276210399
788.98000000000	0.015383720790218	164.97828578776
789.59000000000	0.019498621756932	164.95050006555
790.20000000000	0.024396135190680	162.63705368791
790.81000000000	0.029906670767435	158.51148369048
791.42000000000	0.035768160231427	153.11456430468
792.03000000000	0.041701822196794	146.99260432361
792.64000000000	0.047509183589278	140.62031129795
793.25000000000	0.053136504760431	134.33606835031
793.86000000000	0.058612959737271	128.32099943740
794.47000000000	0.064149704587868	122.68644296679
795.08000000000	0.069930211553726	117.33478721856
795.69000000000	0.076133439896452	112.19004658732
796.30000000000	0.082923008427725	107.14748503896
796.91000000000	0.090433604518882	102.10372696117
797.52000000000	0.098769393793402	96.967657784588
798.13000000000	0.10800684423195	91.665702975036
798.74000000000	0.11819751798366	86.141569612820
799.35000000000	0.12936774005205	80.354119652201
799.96000000000	0.14151361526537	74.275207372682
800.57000000000	0.15459142107416	67.888330985473
801.18000000000	0.16850667638709	61.188600484698
801.79000000000	0.18310800559696	54.184026949842
802.40000000000	0.19819231050839	46.896881847035
803.01000000000	0.21352431226965	39.362987516454
803.62000000000	0.22886602346641	31.627656876809
804.23000000000	0.24400493770138	23.739181035521
804.84000000000	0.25877023999306	15.742363816627
805.45000000000	0.27303388995981	7.6743156070235
806.06000000000	0.28670104198831	-0.43684013196443
806.67000000000	0.29969680183943	-8.5710428648691
807.28000000000	0.31195452747369	-16.714272779489
807.89000000000	0.32340800391704	-24.856307934357
808.50000000000	0.33398783581851	-32.988732465524
809.11000000000	0.34362152402908	-41.103369710248
809.72000000000	0.35223644020384	-49.191162271709
810.33000000000	0.35976486793563	-57.241461724200
810.94000000000	0.36615027266566	-65.241669797345
811.55000000000	0.37135400464468	-73.177161704253
812.16000000000	0.37536180721491	-81.031415134026
812.77000000000	0.37818985756890	-88.786276410521
813.38000000000	0.37989057770214	-96.422342434151
813.99000000000	0.38055890279552	-103.91955602480
814.60000000000	0.38033955364603	-111.25832757090
815.21000000000	0.37943421356920	-118.42176592146
815.82000000000	0.37810344479507	-125.39969427129
816.43000000000	0.37665246559089	-132.19450786228
817.04000000000	0.37538800526141	-138.82705253752
817.65000000000	0.37454534490589	-145.33821354929
818.26000000000	0.37421267248888	-151.78180563650
818.87000000000	0.37430080517385	-158.20953002762
819.48000000000	0.37458595440702	-164.65591137338
820.09000000000	0.37480004593253	-171.13187740330
820.70000000000	0.37471322113450	-177.62842109256
821.31000000000	0.37417405406718	175.87503821730
821.92000000000	0.37311133696446	169.40336397289
822.53000000000	0.37151943645023	162.98168369249
823.14000000000	0.36944486682107	156.63387453190
823.75000000000	0.36698024015532	150.38185108373
824.36000000000	0.36426318191939	144.24429186876
824.97000000000	0.36147381901384	138.23419588702
825.58000000000	0.35882397836820	132.35552285670
826.19000000000	0.35653398147529	126.60004702477
826.80000000000	0.35479892122633	120.94612428686
827.41000000000	0.35375355354761	115.36077450628
828.02000000000	0.35344871607727	109.80509639827
828.63000000000	0.35384858240741	104.24128229166
829.24000000000	0.35484861487881	98.638672653772
829.85000000000	0.35630532227434	92.976997518281
830.46000000000	0.35806632130543	87.246516292265
831.07000000000	0.35999265426698	81.446015993800
831.68000000000	0.36197085412175	75.579984928722
832.29000000000	0.36391632814074	69.655955307250
832.90000000000	0.36577119996977	63.682487905493
833.51000000000	0.36749952785607	57.667872975035
834.12000000000	0.36908189086683	51.619421631388
834.73000000000	0.37051041647199	45.543169485001
835.34000000000	0.37178467887494	39.443835443561
835.95000000000	0.37290853555823	33.324921993457
836.56000000000	0.37388780692655	27.188883855368
837.17000000000	0.37472865513794	21.037321731757
837.78000000000	0.37543652273569	14.871176962646
838.39000000000	0.37601551447037	8.6909139501908
839.00000000000	0.37646812954583	2.4966830595606
839.61000000000	0.37679526975914	-3.7115404162616
840.22000000000	0.37699646037251	-9.9338442231683
840.83000000000	0.37707022621349	-16.170296172059
841.44000000000	0.37701456744891	-22.420891536193
842.05000000000	0.37682747979770	-28.685531140558
842.66000000000	0.37650746446557	-34.964029241466
843.27000000000	0.37605397521800	-41.256148885933
843.88000000000	0.37546775469872	-47.561660948278
844.49000000000	0.37475101977192	-53.880421595784
845.10000000000	0.37390746621978	-60.212461669854
845.71000000000	0.37294207600323	-66.558080502297
846.32000000000	0.37186072458313	-72.917936106581
846.93000000000	0.37066960043138	-79.293123539436
847.54000000000	0.36937446281524	-85.685233526044
848.15000000000	0.36797977644320	-92.096384154985
848.76000000000	0.36648777223191	-98.529219534073
849.37000000000	0.36489749229079	-104.98687072008
849.98000000000	0.36320388446061	-111.47287599586
850.59000000000	0.36139701751031	-117.99105972638
851.20000000000	0.35946149189086	-124.54537169637
851.81000000000	0.35737612101544	-131.13969214254
852.42000000000	0.35511395085526	-137.77761165145
853.03000000000	0.35264266600123	-144.46219934195
853.64000000000	0.34992539297504	-151.19577621062
854.25000000000	0.34692185554416	-157.97971108591
854.86000000000	0.34358977294510	-164.81425141235
855.47000000000	0.33988634985502	-171.69838793045
856.08000000000	0.33576973118347	-178.62973314765
856.69000000000	0.33120041644597	174.39562225789
857.30000000000	0.32614281575706	167.38330751080
857.91000000000	0.32056726010364	160.34092206574
858.52000000000	0.31445269902561	153.27827572714
859.13000000000	0.30778998017195	146.20749157887
859.74000000000	0.30058513866299	139.14277576507
860.35000000000	0.29286177220682	132.09946166584
860.96000000000	0.28466222752335	125.09092635065
861.57000000000	0.27606449914431	118.11577335414
862.18000000000	0.26762345605283	111.12464802793
862.79000000000	0.25958221004293	104.56943113713
863.40000000000	0.25014901073969	98.038678768253
864.01000000000	0.24102096043979	91.560155261327
864.62000000000	0.23221147618935	85.206756807266
865.23000000000	0.22378352132408	78.982946143817
865.84000000000	0.21582001660577	72.878306970674
866.45000000000	0.20839131818815	66.872861095875
867.06000000000	0.20154342224056	60.938458865480
867.67000000000	0.19529344630607	55.040146766115
868.28000000000	0.18962859258076	49.137865066265
868.89000000000	0.18450696467509	43.188379911310
869.50000000000	0.17985921093755	37.147330067504
870.11000000000	0.17559037633311	30.971348810968
870.72000000000	0.17158183569751	24.620321313713
871.33000000000	0.16769376378016	18.059904458372
871.94000000000	0.16376918759870	11.264425308995
872.55000000000	0.15964108942551	4.2201509331101
873.16000000000	0.15514398833648	-3.0713294967486
873.77000000000	0.15013055144715	-10.590215820473
874.38000000000	0.14449185666784	-18.297028044945
874.99000000000	0.13817731679555	-26.133569690616
875.60000000000	0.13120824051577	-34.026970248598
876.21000000000	0.12367927938600	-41.896605684472
876.82000000000	0.11574543906807	-49.662666635018
877.43000000000	0.10759762440332	-57.254471968877
878.04000000000	0.099433874604431	-64.616716163551
878.65000000000	0.091434149139875	-71.712632432489
879.26000000000	0.083743817565035	-78.524077507176
879.87000000000	0.076466990371842	-85.049301162287
880.48000000000	0.069667713952761	-91.299464507910
881.09000000000	0.063375801912236	-97.294943047451
881.70000000000	0.057594402290228	-103.06228934782
882.31000000000	0.052307438721270	-108.63247581448
882.92000000000	0.047485983157748	-114.04063914713
883.53000000000	0.043093073775129	-119.32710298582
884.14000000000	0.039086694322326	-124.53915196986
884.75000000000	0.035420896762727	-129.73280825519
885.36000000000	0.032045434804926	-134.97339094949
885.97000000000	0.028904752055632	-140.33264933448
886.58000000000	0.025937853142244	-145.87885077024
887.19000000000	0.023081516795488	-151.65524591029
887.80000000000	0.020279774231538	-157.64388511324
888.41000000000	0.017500681291415	-163.71821594296
889.02000000000	0.014755497085548	-169.59880513708
889.63000000000	0.012107937764324	-174.83575805453
890.24000000000	0.0096606869448142	-178.83957243226
890.85000000000	0.0075195658186250	179.03578145734
891.46000000000	0.0057544661679344	179.37940919655
892.07000000000	0.0043800561535747	-177.38650679744
892.68000000000	0.0033626846273925	-171.08749231899
893.29000000000	0.0026420738504699	-161.82968864237
893.90000000000	0.0021533550072047	-149.97868628790
894.51000000000	0.0018414987632401	-136.12801896588
895.12000000000	0.0016658865156128	-121.11234629555
895.73000000000	0.0015967269634299	-105.96947878398
896.34000000000	0.0016089203962527	-91.670375738646
896.95000000000	0.0016792987267750	-78.743627414271
897.56000000000	0.0017883791694367	-67.137779364435
898.17000000000	0.0019244936584160	-56.365156673943
898.78000000000	0.0020897468747395	-45.742346849970
899.39000000000	0.0023089245431605	-34.676991697903
900.00000000000	0.0026395760091219	-23.077998556562
#
#"Frequency / GHz"	"S2,4 [Mag]"	"S2,4 [Pha in deg.]"
#---------------------------------------------------
290.00000000000	0.24142181202596	122.08367204243
290.61000000000	0.24448975264010	118.67322823869
291.22000000000	0.24808256140547	115.15562820035
291.83000000000	0.25214166675034	111.52045859731
292.44000000000	0.25660310459100	107.76101262992
293.05000000000	0.26139949074461	103.87414218808
293.66000000000	0.26646193295961	99.859956775613
294.27000000000	0.27172180928142	95.721424112089
294.88000000000	0.27711236343276	91.463921687330
295.49000000000	0.28257008472022	87.094778353135
296.10000000000	0.28803584920139	82.622833643614
296.71000000000	0.29345580191301	78.058032184252
297.32000000000	0.29878195921678	73.411062411988
297.93000000000	0.30397250827046	68.693043107356
298.54000000000	0.30899177908501	63.915257589834
299.15000000000	0.31380986486508	59.088933235133
299.76000000000	0.31840186864367	54.225062546503
300.37000000000	0.32274675875269	49.334260745846
300.98000000000	0.32682582246368	44.426653200489
301.59000000000	0.33062071717029	39.511783618473
302.20000000000	0.33411113430813	34.598530549270
302.81000000000	0.33727211776377	29.695015280573
303.42000000000	0.34007112378969	24.808478981204
304.03000000000	0.34246498418502	19.945101689938
304.64000000000	0.34439705045712	15.109732258483
305.25000000000	0.34579496131160	10.305499779319
305.86000000000	0.34656968135864	5.5332883577610
306.47000000000	0.34661666539943	0.79108479662174
307.08000000000	0.34582011728173	-3.9267409567241
307.69000000000	0.34406118030762	-8.6300887445958
308.30000000000	0.34123033176248	-13.333494218326
308.91000000000	0.33724314272750	-18.055920163831
309.52000000000	0.33205703845305	-22.819688228291
310.13000000000	0.32568527990597	-27.648392415948
310.74000000000	0.31820392727659	-32.563900630625
311.35000000000	0.30974875448000	-37.582891034494
311.96000000000	0.30050189984206	-42.713643695681
312.57000000000	0.29067135176792	-47.953860325587
313.18000000000	0.28046855664565	-53.290052699046
313.79000000000	0.27008944552064	-58.698609823204
314.40000000000	0.25970222285298	-64.148213760677
315.01000000000	0.24944256078234	-69.602998532929
315.62000000000	0.23941469324634	-75.025802883882
316.23000000000	0.22969595578693	-80.381008173599
316.84000000000	0.22034246649792	-85.636673738753
317.45000000000	0.21139438870990	-90.765890624177
318.06000000000	0.20288005254216	-95.747421011360
318.67000000000	0.19481884145071	-100.56576711282
319.28000000000	0.18722308916992	-105.21083498429
319.89000000000	0.18009933310671	-109.67734716826
320.50000000000	0.17344922843058	-113.96413094488
321.11000000000	0.16727032898247	-118.07337785635
321.72000000000	0.16155684194761	-122.00994108291
322.33000000000	0.15630038875002	-125.78071273403
322.94000000000	0.15149076015413	-129.39410367814
323.55000000000	0.14711663418884	-132.85963378754
324.16000000000	0.14316622302826	-136.18762964581
324.77000000000	0.13962782177761	-139.38901910922
325.38000000000	0.13649024266777	-142.47520696385
325.99000000000	0.13374312904561	-145.45801281716
326.60000000000	0.13137715304284	-148.34965100584
327.21000000000	0.12938410817059	-151.16273254384
327.82000000000	0.12775691322029	-153.91027086993
328.43000000000	0.12648954679661	-156.60567628567
329.04000000000	0.12557693268832	-159.26272827827
329.65000000000	0.12501479523028	-161.89552003175
330.26000000000	0.12479950094663	-164.51837479527
330.87000000000	0.12492789830949	-167.14573874316
331.48000000000	0.12539716171798	-169.79205884564
332.09000000000	0.12620463922454	-172.47165652501
332.70000000000	0.12734769662259	-175.19860817951
333.31000000000	0.12882354378595	-177.98664202617
333.92000000000	0.13062902309091	179.15094256224
334.53000000000	0.13276033476213	176.20133144076
335.14000000000	0.13521267040846	173.15223090324
335.75000000000	0.13797972425133	169.99188963042
336.36000000000	0.14105305218977	166.70911953101
336.97000000000	0.14442125289652	163.29333098670
337.58000000000	0.14806895421809	159.73460024473
338.19000000000	0.15197560461475	156.02378759620
338.80000000000	0.15611409623916	152.15272424345
339.41000000000	0.16044928663470	148.11448295567
340.02000000000	0.16493654185296	143.90374211734
340.63000000000	0.16952049344902	139.51724382173
341.24000000000	0.17413427706032	134.95433345288
341.85000000000	0.17869958323188	130.21755022811
342.46000000000	0.18312787365701	125.31321588989
343.07000000000	0.18732306382024	120.25194464576
343.68000000000	0.19118581673625	115.04897718726
344.29000000000	0.19461932424575	109.72423391216
344.90000000000	0.19753610365369	104.30199682932
345.51000000000	0.19986498818958	98.810171634650
346.12000000000	0.20155725523417	93.279147742511
346.73000000000	0.20259082653120	87.740350201180
347.34000000000	0.20297173620297	82.224641055750
347.95000000000	0.20273253481352	76.760756234826
348.56000000000	0.20192781500539	71.373941941084
349.17000000000	0.20062737970777	66.084871820200
349.78000000000	0.19890747275081	60.908750128727
350.39000000000	0.19683959326504	55.854056145129
351.00000000000	0.19447412276477	50.918700334258
351.61000000000	0.19181591933585	46.072754941311
352.22000000000	0.18891270485513	41.170343150562
352.83000000000	0.18764198570927	36.006165037242
353.44000000000	0.18765504639886	31.893935018984
354.05000000000	0.18566132674645	27.945223222699
354.66000000000	0.18358382410902	23.905273674514
355.27000000000	0.18175433383175	19.888068847059
355.88000000000	0.18020125351391	15.925746519821
356.49000000000	0.17893017067686	12.022278670680
357.10000000000	0.17794676133653	8.1725746534717
357.71000000000	0.17725739367649	4.3681541816483
358.32000000000	0.17686840057262	0.59909341751594
358.93000000000	0.17678570452616	-3.1452183083862
359.54000000000	0.17701469861461	-6.8757642278837
360.15000000000	0.17756021491506	-10.603773082337
360.76000000000	0.17842647546626	-14.340678984327
361.37000000000	0.17961696410606	-18.098122950288
361.98000000000	0.18113417838818	-21.887972259201
362.59000000000	0.18297922869111	-25.722342394240
363.20000000000	0.18515125314487	-29.613609408629
363.81000000000	0.18764661628284	-33.574400893868
364.42000000000	0.19045785960522	-37.617552478569
365.03000000000	0.19357237685431	-41.756014542681
365.64000000000	0.19697079987647	-46.002691070281
366.25000000000	0.20062510775780	-50.370189899419
366.86000000000	0.20449651877533	-54.870462018707
367.47000000000	0.20853329790639	-59.514308484110
368.08000000000	0.21266871596628	-64.310739079299
368.69000000000	0.21681952647230	-69.266179622841
369.30000000000	0.22088546557146	-74.383547439328
369.91000000000	0.22475038981604	-79.661248414629
370.52000000000	0.22828568233251	-85.092192695525
371.13000000000	0.23135640000102	-90.662972714318
371.74000000000	0.23383023594360	-96.353383489346
372.35000000000	0.23558873000459	-102.13647249535
372.96000000000	0.23653938852696	-107.97926660733
373.57000000000	0.23662671797516	-113.84422825902
374.18000000000	0.23583994562682	-119.69135271747
374.79000000000	0.23421562786658	-125.48066685194
375.40000000000	0.23183442697220	-131.17477760229
376.01000000000	0.22881274888890	-136.74109596768
376.62000000000	0.22529113361747	-142.15345212848
377.23000000000	0.22142178800611	-147.39298821735
377.84000000000	0.21735732447706	-152.44838990430
378.45000000000	0.21324192789372	-157.31562326951
379.06000000000	0.20920529135461	-161.99735976758
379.67000000000	0.20535905159962	-166.50223031740
380.28000000000	0.20179517145658	-170.84399115111
380.89000000000	0.19858567535884	-175.04063412508
381.50000000000	0.19578324162648	-179.11344215167
382.11000000000	0.19342231388864	176.91402068332
382.72000000000	0.19152055732285	173.01698461412
383.33000000000	0.19008061195459	169.17058828981
383.94000000000	0.18909215946829	165.35096979762
384.55000000000	0.18853431538542	161.53624477109
385.16000000000	0.18837829901277	157.70727318129
385.77000000000	0.18859024947149	153.84813420542
386.38000000000	0.18913398385610	149.94626965347
386.99000000000	0.18997346285820	145.99230893279
387.60000000000	0.19107475247757	141.97963687812
388.21000000000	0.19240733989540	137.90379718279
388.82000000000	0.19394475464642	133.76183306851
389.43000000000	0.19566453628684	129.55165549203
390.04000000000	0.19754765631347	125.27150506417
390.65000000000	0.19957753616074	120.91954573876
391.26000000000	0.20173880694055	116.49360324372
391.87000000000	0.20401593964100	111.99104303877
392.48000000000	0.20639184844512	107.40877213645
393.09000000000	0.20884654481729	102.74334521163
393.70000000000	0.21135590280252	97.991155912280
394.31000000000	0.21389058972167	93.148696940137
394.92000000000	0.21641522115987	88.212875428054
395.53000000000	0.21888781244801	83.181372054749
396.14000000000	0.22125961633757	78.053032368188
396.75000000000	0.22347545204159	72.828276554852
397.36000000000	0.22547463635639	67.509509449132
397.97000000000	0.22719261421125	62.101506454796
398.58000000000	0.22856334517611	56.611744311377
399.19000000000	0.22952242878968	51.050639891582
399.80000000000	0.23001084641691	45.431657481687
400.41000000000	0.22997907228414	39.771247346801
401.02000000000	0.22939118449540	34.088587339008
401.63000000000	0.22822851994067	28.405115139792
402.24000000000	0.22649239725529	22.743859927515
402.85000000000	0.22420550025226	17.128605512711
403.46000000000	0.22141166929943	11.582937869774
404.07000000000	0.21817406263545	6.1292442832952
404.68000000000	0.21457187658049	0.78773638782812
405.29000000000	0.21069600144333	-4.4244349535726
405.90000000000	0.20664409996481	-9.4939165208087
406.51000000000	0.20251561315425	-14.411700185159
407.12000000000	0.19840713573844	-19.173455373347
407.73000000000	0.19440848876282	-23.779634986796
408.34000000000	0.19059968351263	-28.235355343880
408.95000000000	0.18704884630487	-32.550061930067
409.56000000000	0.18381107406131	-36.737004191764
410.17000000000	0.18092812107694	-40.812554591949
410.78000000000	0.17842877568439	-44.795418589336
411.39000000000	0.17632976596318	-48.705790901146
412.00000000000	0.17463703053837	-52.564516890705
412.61000000000	0.17334719946692	-56.392314543207
413.22000000000	0.17244914814745	-60.209102243398
413.83000000000	0.17192551166097	-64.033462202174
414.44000000000	0.17175407549586	-67.882251862148
415.05000000000	0.17190898852831	-71.770359171232
415.66000000000	0.17236177268794	-75.710584813741
416.27000000000	0.17308212857866	-79.713626688933
416.88000000000	0.17403855581817	-83.788139213919
417.49000000000	0.17519882024064	-87.940841523987
418.10000000000	0.17653030739106	-92.176652974363
418.71000000000	0.17800030349761	-96.498840074387
419.32000000000	0.17957624221320	-100.90916489344
419.93000000000	0.18122594885776	-105.40803020515
420.54000000000	0.18291790467254	-109.99462067698
421.15000000000	0.18462154272385	-114.66704205743
421.76000000000	0.18630757560031	-119.42246157134
422.37000000000	0.18794834402216	-124.25725275912
422.98000000000	0.18951816603051	-129.16714703702
423.59000000000	0.19099365959762	-134.14739261499
424.20000000000	0.19235400813594	-139.19291941509
424.81000000000	0.19358113896371	-144.29850661025
425.42000000000	0.19465978929840	-149.45894763809
426.03000000000	0.19557744225532	-154.66920626139
426.64000000000	0.19632412562417	-159.92455657787
427.25000000000	0.19689207758956	-165.22069986146
427.86000000000	0.19727529471482	-170.55385168275
428.47000000000	0.19746898728729	-175.92079377339
429.08000000000	0.19746897478255	178.68111360483
429.69000000000	0.19727105947594	173.25396162326
430.30000000000	0.19687041927875	167.79936664346
430.91000000000	0.19626106216462	162.31858795149
431.52000000000	0.19543538462123	156.81268846344
432.13000000000	0.19438387580111	151.28273621413
432.74000000000	0.19309500747902	145.73004312441
433.35000000000	0.19155534706521	140.15643592536
433.96000000000	0.18974992573342	134.56455204512
434.57000000000	0.18766288470443	128.95815065429
435.18000000000	0.18527840822011	123.34242595769
435.79000000000	0.18258193042412	117.72430643834
436.40000000000	0.17956157493740	112.11272053689
437.01000000000	0.17620975188077	106.51880682210
437.62000000000	0.17252480134389	100.95604582370
438.23000000000	0.16851254117908	95.440292051771
438.84000000000	0.16418755849770	89.989688718505
439.45000000000	0.15957408614319	84.624454167995
440.06000000000	0.15470633267926	79.366537171848
440.67000000000	0.14962818670595	74.239146573889
441.28000000000	0.14439228659887	69.266167443532
441.89000000000	0.13905852225266	64.471479329674
442.50000000000	0.13369210064431	59.878191699715
443.11000000000	0.12836134842793	55.507807967704
443.72000000000	0.12313543481177	51.379325126947
444.33000000000	0.11808217742274	47.508274830765
444.94000000000	0.11326605125969	43.905718399076
445.55000000000	0.10874646957475	40.577226535542
446.16000000000	0.10457635983942	37.521905713117
446.77000000000	0.10080102903276	34.731573467191
447.38000000000	0.097457305563841	32.190223711787
447.99000000000	0.094572957978484	29.873943625765
448.60000000000	0.092166413731930	27.751426240507
449.21000000000	0.090246820450363	25.785154588402
449.82000000000	0.088814492999281	23.933218144195
450.43000000000	0.087861764321697	22.151587146741
451.04000000000	0.087374209477908	20.396558907659
451.65000000000	0.087332154871219	18.627044431795
452.26000000000	0.087712337904619	16.806402416390
452.87000000000	0.088489562232993	14.903636159455
453.48000000000	0.089638205638828	12.893906877235
454.09000000000	0.091133474935609	10.758439646991
454.70000000000	0.092952351677868	8.4839758478337
455.31000000000	0.095074219903217	6.0619513738470
455.92000000000	0.097481203181258	3.4875638111090
456.53000000000	0.10015825935062	0.75885263325473
457.14000000000	0.10309308863552	-2.1241286249278
457.75000000000	0.10627590793453	-5.1600090256294
458.36000000000	0.10969913503592	-8.3466559021167
458.97000000000	0.11335701475566	-11.681598144321
459.58000000000	0.11724520691181	-15.162334962672
460.19000000000	0.12136034509486	-18.786550730852
460.80000000000	0.12569956614192	-22.552255159963
461.41000000000	0.13026000344667	-26.457864552429
462.02000000000	0.13503823294144	-30.502235561143
462.63000000000	0.14002965897843	-34.684658581425
463.24000000000	0.14522782873846	-39.004814120274
463.85000000000	0.15062366870425	-43.462692494065
464.46000000000	0.15620464581234	-48.058475173120
465.07000000000	0.16195386985308	-52.792375165924
465.68000000000	0.16784917304564	-57.664434184777
466.29000000000	0.17386222739656	-62.674276154623
466.90000000000	0.17995778920210	-67.820820109321
467.51000000000	0.18609318974217	-73.101960767637
468.12000000000	0.19221821620086	-78.514231975848
468.73000000000	0.19827553880015	-84.052476232856
469.34000000000	0.20420182877009	-89.709551611383
469.95000000000	0.20992966711116	-95.476113865836
470.56000000000	0.21539026030489	-101.34051419505
471.17000000000	0.22051685937320	-107.28884977041
471.78000000000	0.22524863908794	-113.30519318776
472.39000000000	0.22953466402352	-119.37200843762
473.00000000000	0.23333748437640	-125.47073697868
473.61000000000	0.23663589977738	-131.58251237666
474.22000000000	0.23942651852648	-137.68894130419
474.83000000000	0.24172391038591	-143.77287762242
475.44000000000	0.24355936466727	-149.81911768496
476.05000000000	0.24497846945084	-155.81495851069
476.66000000000	0.24603787471387	-161.75058249344
477.27000000000	0.24680166478426	-167.61925744987
477.88000000000	0.24733774341187	-173.41736364407
478.49000000000	0.24771454929940	-179.14427610414
479.10000000000	0.24799830304759	175.19786056210
479.71000000000	0.24825086860894	169.60442609231
480.32000000000	0.24852821482307	164.06865248414
480.93000000000	0.24887939534023	158.58195846940
481.54000000000	0.24934592863825	153.13427170353
482.15000000000	0.24996144855802	147.71432817760
482.76000000000	0.25075150239123	142.30994560636
483.37000000000	0.25173339113427	136.90827333264
483.98000000000	0.25291597001251	131.49602560182
484.59000000000	0.25429935394036	126.05970804461
485.20000000000	0.25587450134303	120.58584901993
485.81000000000	0.25762268125630	115.06124818269
486.42000000000	0.25951486402596	109.47325417304
487.03000000000	0.26151111617471	103.81008142073
487.64000000000	0.26356012464653	98.061172320880
488.25000000000	0.26559902152594	92.217605000184
488.86000000000	0.26755372025598	86.272538202611
489.47000000000	0.26933999618149	80.221673508983
490.08000000000	0.27086553130401	74.063701929571
490.69000000000	0.27203307741763	67.800688718087
491.30000000000	0.27274476033914	61.438340126015
491.91000000000	0.27290735225917	54.986092762348
492.52000000000	0.27243810456226	48.456974238468
493.13000000000	0.27127051211186	41.867205241131
493.74000000000	0.26935924253694	35.235547094374
494.35000000000	0.26668347621479	28.582439845225
494.96000000000	0.26324809477134	21.929014774033
495.57000000000	0.25908250034850	15.296091671105
496.18000000000	0.25423725999409	8.7032775172355
496.79000000000	0.24877913682608	2.1682673557090
497.40000000000	0.24278529589301	-4.2935853162999
498.01000000000	0.23633751386806	-10.669403248740
498.62000000000	0.22951709580368	-16.948640160401
499.23000000000	0.22240097138204	-23.122701450931
499.84000000000	0.21505918268198	-29.184395212847
500.45000000000	0.20755374621341	-35.127284092757
501.06000000000	0.19993870680642	-40.945005814169
501.67000000000	0.19226110618176	-46.630622309009
502.28000000000	0.18456255379436	-52.176047644501
502.89000000000	0.17688109462152	-57.571595298291
503.50000000000	0.16925310219841	-62.805676692551
504.11000000000	0.16171497443463	-67.864675391297
504.72000000000	0.15430446818976	-72.733014951366
505.33000000000	0.14706157218236	-77.393433260901
505.94000000000	0.14002888231025	-81.827472755269
506.55000000000	0.13325150294395	-86.016194590826
507.16000000000	0.12677654482789	-89.941125342054
507.77000000000	0.12065231785222	-93.585444984686
508.38000000000	0.11492732114311	-96.935420116811
508.99000000000	0.10964911508715	-99.982068980376
509.60000000000	0.10486312795071	-102.72300578723
510.21000000000	0.10061141709125	-105.16434440084
510.82000000000	0.096931387121380	-107.32244810939
511.43000000000	0.093854477523316	-109.22521319162
512.04000000000	0.091404873195141	-110.91251143032
512.65000000000	0.089598350951649	-112.43544664310
513.26000000000	0.088441425091676	-113.85424509585
513.87000000000	0.087930961471865	-115.23488957462
514.48000000000	0.088054369994394	-116.64493760337
515.09000000000	0.088790367892178	-118.14920200404
515.70000000000	0.090110170925786	-119.80600551182
516.31000000000	0.091978870188548	-121.66453323547
516.92000000000	0.094356726599727	-123.76348605006
517.53000000000	0.097200167434056	-126.13092124733
518.14000000000	0.10046237334508	-128.78495998382
518.75000000000	0.10409346282787	-131.73497736959
519.36000000000	0.10804038312388	-134.98294053587
519.97000000000	0.11224668559139	-138.52466675584
520.58000000000	0.11665239482006	-142.35088800149
521.19000000000	0.12119417540528	-146.44810071610
521.80000000000	0.12580596105625	-150.79923954237
522.41000000000	0.13042014131098	-155.38424248040
523.02000000000	0.13496930834266	-160.18057871556
523.63000000000	0.13938846242345	-165.16379660943
524.24000000000	0.14361747768562	-170.30812530821
524.85000000000	0.14760356085547	-175.58713577577
525.46000000000	0.15130341245211	179.02555824556
526.07000000000	0.15468483061093	173.55559709833
526.68000000000	0.15772757654910	168.02721609642
527.29000000000	0.16042342933204	162.46267491261
527.90000000000	0.16277547075466	156.88180996612
528.51000000000	0.16479673484904	151.30172947905
529.12000000000	0.16650841499435	145.73665498247
529.73000000000	0.16793784026286	140.19789925925
530.34000000000	0.16911641688504	134.69396091409
530.95000000000	0.17007769192482	129.23071052616
531.56000000000	0.17085564721105	123.81164219007
532.17000000000	0.17148328303709	118.43816613048
532.78000000000	0.17199151020425	113.10992177931
533.39000000000	0.17240833894858	107.82509516999
534.00000000000	0.17275833450135	102.58072894078
534.61000000000	0.17306230000175	97.373017154327
535.22000000000	0.17333714588935	92.197580280384
535.83000000000	0.17359590831008	87.049717973645
536.44000000000	0.17384788530290	81.924638738696
537.05000000000	0.17409886684781	76.817666298043
537.66000000000	0.17435144193366	71.724422588068
538.27000000000	0.17460537169539	66.640986939232
538.88000000000	0.17485802171073	61.564030302886
539.49000000000	0.17510484830797	56.490922537749
540.10000000000	0.17533993301198	51.419809954449
540.71000000000	0.17555655609080	46.349659747409
541.32000000000	0.17574779492307	41.280267839447
541.93000000000	0.17590712632427	36.212227231110
542.54000000000	0.17602900518852	31.146855335552
543.15000000000	0.17610938629798	26.086081038538
543.76000000000	0.17614615354892	21.032295244003
544.37000000000	0.17613942259312	15.988172149062
544.98000000000	0.17609168987531	10.956471947883
545.59000000000	0.17600781317426	5.9398384649696
546.20000000000	0.17589482475804	0.94060671909910
546.81000000000	0.17576159575667	-4.0393648863744
547.42000000000	0.17561838626294	-8.9988253642310
548.03000000000	0.17547632694878	-13.937216659998
548.64000000000	0.17534688241516	-18.854710879066
549.25000000000	0.17524134332661	-23.752201722840
549.86000000000	0.17517038454213	-28.631257373933
550.47000000000	0.17514371226641	-33.494045239876
551.08000000000	0.17516980775136	-38.343240143475
551.69000000000	0.17525576121393	-43.181926782210
552.30000000000	0.17540717953595	-48.013505016894
552.91000000000	0.17562814595575	-52.841603469202
553.52000000000	0.17592120919524	-57.670003713308
554.13000000000	0.17628738232485	-62.502574602313
554.74000000000	0.17672613680910	-67.343214309192
555.35000000000	0.17723538328369	-72.195796583468
555.96000000000	0.17781143666570	-77.064117447181
556.57000000000	0.17844896855836	-81.951838895125
557.18000000000	0.17914095430402	-86.862426916375
557.79000000000	0.17987862543947	-91.799082135517
558.40000000000	0.18065144080696	-96.764662451296
559.01000000000	0.18144709126840	-101.76159815041
559.62000000000	0.18225155387482	-106.79180105831
560.23000000000	0.18304921135841	-111.85657034298
560.84000000000	0.18382305172711	-116.95649859992
561.45000000000	0.18455496026032	-122.09138279315
562.06000000000	0.18522611203743	-127.26014545919
562.67000000000	0.18581746707445	-132.46077222501
563.28000000000	0.18631036219894	-137.69027204732
563.89000000000	0.18668718425999	-142.94466654082
564.50000000000	0.18693209882721	-148.21901421963
565.11000000000	0.18703179824042	-153.50747435018
565.72000000000	0.18697622410140	-158.80341337037
566.33000000000	0.18675921356037	-164.09955450085
566.94000000000	0.18637901743876	-169.38816836507
567.55000000000	0.18583864234373	-174.66129933109
568.16000000000	0.18514597879216	-179.91101914332
568.77000000000	0.18431369245074	174.87030346467
569.38000000000	0.18335887450938	169.68973075953
569.99000000000	0.18230246778883	164.55349652702
570.60000000000	0.18116850484846	159.46677418682
571.21000000000	0.17998321048555	154.43348633597
571.82000000000	0.17877403141064	149.45616693747
572.43000000000	0.17756865918569	144.53588355886
573.04000000000	0.17639410845836	139.67222244593
573.65000000000	0.17527590200208	134.86333433648
574.26000000000	0.17423739892754	130.10603439444
574.87000000000	0.17329928510982	125.39594604924
575.48000000000	0.17247922793528	120.72767627382
576.09000000000	0.17179168312877	116.09500911250
576.70000000000	0.17124783120691	111.49110502385
577.31000000000	0.17085561568210	106.90869558857
577.92000000000	0.17061985427669	102.34026600227
578.53000000000	0.17054239701331	97.778221134674
579.14000000000	0.17062230939358	93.215034347600
579.75000000000	0.17085606308112	88.643381138827
580.36000000000	0.17123771948810	84.056261280781
580.97000000000	0.17175909419726	79.447112841819
581.58000000000	0.17240989476179	74.809919440340
582.19000000000	0.17317783318849	70.139309521221
582.80000000000	0.17404872600153	65.430645070638
583.41000000000	0.17500660433347	60.680097770909
584.02000000000	0.17603385937816	55.884712257645
584.63000000000	0.17711144425999	51.042457248821
585.24000000000	0.17821914523638	46.152265003803
585.85000000000	0.17933592687586	41.214058222446
586.46000000000	0.18044034909458	36.228762067924
587.07000000000	0.18151104842199	31.198298205552
587.68000000000	0.18252727081195	26.125557785368
588.29000000000	0.18346943837109	21.014350991130
588.90000000000	0.18431972777933	15.869331852839
589.51000000000	0.18506263445668	10.695898231742
590.12000000000	0.18568549420953	5.5000680827149
590.73000000000	0.18617893353022	0.28833421549693
591.34000000000	0.18653722112644	-4.9324991800025
591.95000000000	0.18675849671470	-10.155493965789
592.56000000000	0.18684485865459	-15.373764151492
593.17000000000	0.18680229956074	-20.580664366623
593.78000000000	0.18664048833398	-25.769973558183
594.39000000000	0.18637240749488	-30.936066211314
595.00000000000	0.18601386528412	-36.074063364089
595.61000000000	0.18558291141727	-41.179956353261
596.22000000000	0.18509919229846	-46.250697638128
596.83000000000	0.18458328484558	-51.284255104674
597.44000000000	0.18405604737660	-56.279628709730
598.05000000000	0.18353802149186	-61.236830857919
598.66000000000	0.18304891145595	-66.156834180740
599.27000000000	0.18260715853950	-71.041492145982
599.88000000000	0.18222961852134	-75.893439025528
600.49000000000	0.18193134225755	-80.715976177634
601.10000000000	0.18172545267486	-85.512951451711
601.71000000000	0.18162310705480	-90.288637958572
602.32000000000	0.18163353093436	-95.047617644033
602.93000000000	0.18176410895173	-99.794674211808
603.54000000000	0.18202051794597	-104.53469906539
604.15000000000	0.18240688798328	-109.27261311619
604.76000000000	0.18292597722188	-114.01330651056
605.37000000000	0.18357934630637	-118.76159748064
605.98000000000	0.18436751720961	-123.52221050908
606.59000000000	0.18529010032620	-128.29977269765
607.20000000000	0.18634587271647	-133.09882556645
607.81000000000	0.18753279058095	-137.92384749553
608.42000000000	0.18884792143311	-142.77927981381
609.03000000000	0.19028728718343	-147.66954748299
609.64000000000	0.19184561928833	-152.59906395445
610.25000000000	0.19351604131494	-157.57220975239
610.86000000000	0.19528971154364	-162.59327629573
611.47000000000	0.19715547585149	-167.66637079781
612.08000000000	0.19909959493851	-172.79528464956
612.69000000000	0.20110561510288	-177.98333567500
613.30000000000	0.20315444396366	176.76679747399
613.91000000000	0.20522466972971	171.45322469264
614.52000000000	0.20729312643038	166.07495156263
615.13000000000	0.20933566370406	160.63192138277
615.74000000000	0.21132803726316	155.12497732932
616.35000000000	0.21324680495610	149.55574167650
616.96000000000	0.21507010137107	143.92642189035
617.57000000000	0.21677817457870	138.23956478442
618.18000000000	0.21835359967237	132.49778757412
618.79000000000	0.21978112817916	126.70351742379
619.40000000000	0.22104718062339	120.85876903193
620.01000000000	0.22213903233212	114.96498407319
620.62000000000	0.22304377349383	109.02294862266
621.23000000000	0.22374714085793	103.03279682852
621.84000000000	0.22423232129732	96.994102595380
622.45000000000	0.22447882046640	90.906056989305
623.06000000000	0.22446147835917	84.767728179167
623.67000000000	0.22414970424877	78.578403410881
624.28000000000	0.22350700424391	72.338018947573
624.89000000000	0.22249089594584	66.047693796667
625.50000000000	0.22105336058312	59.710394743655
626.11000000000	0.21914209124387	53.331768422592
626.72000000000	0.21670296860891	46.921166446593
627.33000000000	0.21368439833399	40.492828919519
627.94000000000	0.21004418071652	34.067024032444
628.55000000000	0.20575892096638	27.670630788291
629.16000000000	0.20083384428735	21.336347252995
629.77000000000	0.19530739964745	15.099995064394
630.38000000000	0.18924376938833	8.9971030412642
630.99000000000	0.18271408876849	3.0625983306455
631.60000000000	0.17578360272348	-2.6626172346092
632.21000000000	0.16852817006181	-8.1207689760447
632.82000000000	0.16108008426063	-13.232577831581
633.43000000000	0.15366944259313	-17.908633887876
634.04000000000	0.14662453733217	-22.076203767203
634.65000000000	0.14032384822803	-25.711851041010
635.26000000000	0.13511808676037	-28.867355115370
635.87000000000	0.13124837866645	-31.676189557342
636.48000000000	0.12878677673891	-34.331342116923
637.09000000000	0.12762174312902	-37.038018928000
637.70000000000	0.12749619293713	-39.961638732137
638.31000000000	0.12808159992744	-43.195718711108
638.92000000000	0.12905637269415	-46.759814111977
639.53000000000	0.13016163602509	-50.619328036537
640.14000000000	0.13122484209892	-54.711977095943
640.75000000000	0.13215672220731	-58.969862619304
641.36000000000	0.13293322849378	-63.333206067467
641.97000000000	0.13357306362184	-67.756506528442
642.58000000000	0.13411745530073	-72.209547500157
643.19000000000	0.13461502080607	-76.675601358863
643.80000000000	0.13511203048778	-81.148513262494
644.41000000000	0.13564712212606	-85.629671632843
645.02000000000	0.13624913960486	-90.125370065533
645.63000000000	0.13693686379751	-94.644742212652
646.24000000000	0.13771968769703	-99.198265101139
646.85000000000	0.13859860150107	-103.79673412249
647.46000000000	0.13956712283721	-108.45058049226
648.07000000000	0.14061201010634	-113.16940450374
648.68000000000	0.14171373682539	-117.96161815745
649.29000000000	0.14284679605760	-122.83411778473
649.90000000000	0.14397996166481	-127.79193518641
650.51000000000	0.14507666811907	-132.83784229052
651.12000000000	0.14609568734600	-137.97190921580
651.73000000000	0.14699227709954	-143.19103938276
652.34000000000	0.14771994304164	-148.48852783693
652.95000000000	0.14823288695357	-153.85370867099
653.56000000000	0.14848910189083	-159.27177100356
654.17000000000	0.14845392905775	-164.72382575700
654.78000000000	0.14810373555629	-170.18729306952
655.39000000000	0.14742924837018	-175.63665067414
656.00000000000	0.14643803518488	178.95546023764
656.61000000000	0.14515569032660	173.61682511438
657.22000000000	0.14362546377448	168.37404002561
657.83000000000	0.14190632058124	163.25081566422
658.44000000000	0.14006966559572	158.26633450850
659.05000000000	0.13819514276293	153.43378355310
659.66000000000	0.13636597916478	148.75916690869
660.27000000000	0.13466429723982	144.24048868822
660.88000000000	0.13316670875210	139.86739274393
661.49000000000	0.13194039010073	135.62134699321
662.10000000000	0.13103976724721	131.47645056758
662.71000000000	0.13050392644400	127.40090204364
663.32000000000	0.13035489661718	123.35908447653
663.93000000000	0.13059697912707	119.31410544279
664.54000000000	0.13121728460256	115.23050936984
665.15000000000	0.13218754620567	111.07680100101
665.76000000000	0.13346711887338	106.82742145987
666.37000000000	0.13500688328268	102.46391124556
666.98000000000	0.13675360669081	97.975150412396
667.59000000000	0.13865421699446	93.356735708301
668.20000000000	0.14065944311489	88.609691918131
668.81000000000	0.14272636566659	83.738796667070
669.42000000000	0.14481959978835	78.750821343942
670.03000000000	0.14691107356368	73.652959760318
670.64000000000	0.14897861177088	68.451639430448
671.25000000000	0.15100370784508	63.151809582103
671.86000000000	0.15296892440783	57.756707075139
672.47000000000	0.15485532655597	52.268039928162
673.08000000000	0.15664027923717	46.686500767026
673.69000000000	0.15829587512730	41.012516438318
674.30000000000	0.15978821443472	35.247140214819
674.91000000000	0.16107771847903	29.392990106625
675.52000000000	0.16212059760163	23.455128591910
676.13000000000	0.16287148407373	17.441769393118
676.74000000000	0.16328706861892	11.364693899974
677.35000000000	0.16333035846412	5.2392735896684
677.96000000000	0.16297495458757	-0.91596652507555
678.57000000000	0.16220860413195	-7.0802435186523
679.18000000000	0.16103529985418	-13.231789657889
679.79000000000	0.15947541005909	-19.349342375234
680.40000000000	0.15756369404834	-25.413637351908
681.01000000000	0.15534548273708	-31.408680598757
681.62000000000	0.15287164762229	-37.322610052494
682.23000000000	0.15019314495378	-43.148022756826
682.84000000000	0.14735588514184	-48.881716093523
683.45000000000	0.14439649755306	-54.523846696708
684.06000000000	0.14133933803102	-60.076532675996
684.67000000000	0.13819492103534	-65.541908852384
685.28000000000	0.13495992561519	-70.919596714202
685.89000000000	0.13161907364181	-76.203487727239
686.50000000000	0.12814954284916	-81.377697927996
687.11000000000	0.12452916840825	-86.411620117014
687.72000000000	0.12075042967393	-91.254376621411
688.33000000000	0.11684273579756	-95.830073957416
688.94000000000	0.11290465098710	-100.03775960999
689.55000000000	0.10914279158287	-103.76436271308
690.16000000000	0.10590131829795	-106.92318189747
690.77000000000	0.10364547814403	-109.52513429772
691.38000000000	0.10285374287387	-111.75805515843
691.99000000000	0.10381991543942	-113.99871707014
692.60000000000	0.10647494109814	-116.69333100971
693.21000000000	0.11038154354201	-120.17126088924
693.82000000000	0.11491476092153	-124.54650892596
694.43000000000	0.11947202781280	-129.75835935534
695.04000000000	0.12357709147819	-135.66572218840
695.65000000000	0.12688408559612	-142.11107605858
696.26000000000	0.12915673487113	-148.94278020404
696.87000000000	0.13025921958974	-156.02023371249
697.48000000000	0.13014915947405	-163.21667142658
698.09000000000	0.12886292599482	-170.42005211141
698.70000000000	0.12649836803020	-177.53100004352
699.31000000000	0.12320148408842	175.54001706758
699.92000000000	0.11915647978956	168.87343090490
700.53000000000	0.11457437043507	162.53819899205
701.14000000000	0.10967688374374	156.58747654227
701.75000000000	0.10467713104253	151.05470133780
702.36000000000	0.099762131157719	145.95214272229
702.97000000000	0.095082236311718	141.27253912741
703.58000000000	0.090749590844220	136.99309618138
704.19000000000	0.086845053697308	133.08126647401
704.80000000000	0.083433237002238	129.50651344432
705.41000000000	0.080572388369338	126.29283040894
706.02000000000	0.077924216867989	123.63117804732
706.63000000000	0.075073921811311	120.67243233036
707.24000000000	0.073220836913816	117.60514642762
707.85000000000	0.071869940019574	114.71593093337
708.46000000000	0.070855586589669	111.88777169374
709.07000000000	0.070122403809120	109.05426562892
709.68000000000	0.069625694370961	106.17839154612
710.29000000000	0.069323346836783	103.23977801243
710.90000000000	0.069176984901804	100.22982576114
711.51000000000	0.069153642781124	97.148785966937
712.12000000000	0.069226935200150	94.003398464325
712.73000000000	0.069377686060754	90.804871351486
713.34000000000	0.069594260847201	87.567274645860
713.95000000000	0.069873321627291	84.306533351623
714.56000000000	0.070223790203660	81.039727302984
715.17000000000	0.070682453743707	77.774481585923
715.78000000000	0.071270994084509	74.446627396691
716.39000000000	0.071849855674783	71.080549877086
717.00000000000	0.072509092320395	67.772493229927
717.61000000000	0.073319304801204	64.482376974660
718.22000000000	0.074293772892383	61.182343850332
718.83000000000	0.075441155555426	57.852279000910
719.44000000000	0.076764858432746	54.472175485904
720.05000000000	0.078258560015832	51.023270945147
720.66000000000	0.079903410048314	47.492311773077
721.27000000000	0.081668487799782	43.877551062998
721.88000000000	0.083517931659298	40.195501618566
722.49000000000	0.085429450831729	36.485550870659
723.10000000000	0.087426047208703	32.805772275612
723.71000000000	0.089611940765388	29.211012249544
724.32000000000	0.092185581424015	25.710802705338
724.93000000000	0.095393224079280	22.225718069104
725.54000000000	0.099415705314385	18.583718815499
726.15000000000	0.10424943212140	14.583706187605
726.76000000000	0.10967810733073	10.090477165139
727.37000000000	0.11536424053798	5.0864308862632
727.98000000000	0.12098477300695	-0.34909937485916
728.59000000000	0.12631877181845	-6.0962686525927
729.20000000000	0.13126157443146	-12.041585546156
729.81000000000	0.13579335233702	-18.099472784865
730.42000000000	0.13993586640269	-24.213713787794
731.03000000000	0.14372034061337	-30.347612028930
731.64000000000	0.14718101543932	-36.472203901642
732.25000000000	0.15036908590980	-42.561993317609
732.86000000000	0.15336307397937	-48.599136684549
733.47000000000	0.15626381389239	-54.579226790570
734.08000000000	0.15917948047587	-60.514761706701
734.69000000000	0.16220449776972	-66.436036478616
735.30000000000	0.16539264316183	-72.388067999317
735.91000000000	0.16873113911206	-78.421205735814
736.52000000000	0.17213190706609	-84.576293240888
737.13000000000	0.17545361182825	-90.871025129653
737.74000000000	0.17854798167333	-97.295841962310
738.35000000000	0.18130408313538	-103.82144756861
738.96000000000	0.18366761733703	-110.41185413170
739.57000000000	0.18563370762908	-117.03511443426
740.18000000000	0.18722705710601	-123.66824889405
740.79000000000	0.18848308054647	-130.29736460480
741.40000000000	0.18943596249172	-136.91548691425
742.01000000000	0.19011361645565	-143.52003732128
742.62000000000	0.19053732525951	-150.11083209207
743.23000000000	0.19072367795723	-156.68874653603
743.84000000000	0.19068659532240	-163.25497447659
744.45000000000	0.19043752574941	-169.81090561961
745.06000000000	0.18998286647266	-176.35833489725
745.67000000000	0.18932283588980	177.09898860214
746.28000000000	0.18847972040163	170.57605442706
746.89000000000	0.18740643218215	164.05627023554
747.50000000000	0.18614131761628	157.54726419416
748.11000000000	0.18467965985082	151.04906377734
748.72000000000	0.18301909455027	144.56234947356
749.33000000000	0.18115704613219	138.08891091837
749.94000000000	0.17909158800852	131.63174507999
750.55000000000	0.17682261906579	125.19514613655
751.16000000000	0.17435329418035	118.78464789318
751.77000000000	0.17169115217882	112.40671948508
752.38000000000	0.16884839732869	106.06830736121
752.99000000000	0.16584124118211	99.776422664443
753.60000000000	0.16268866972740	93.537974772675
754.21000000000	0.15941134459576	87.359986289909
754.82000000000	0.15603156432182	81.250191476490
755.43000000000	0.15257524251083	75.217787722196
756.04000000000	0.14907652087154	69.273737200297
756.65000000000	0.14558454135712	63.429514347459
757.26000000000	0.14216954806217	57.692803811408
757.87000000000	0.13892193272274	52.059117132878
758.48000000000	0.13593530118583	46.500811634422
759.09000000000	0.13326859353588	40.959785071982
759.70000000000	0.13089727691263	35.353600765001
760.31000000000	0.12868224379530	29.600122432089
760.92000000000	0.12638608012524	23.652240664510
761.53000000000	0.12373977151028	17.524386147434
762.14000000000	0.12053047452910	11.297502330441
762.75000000000	0.11667067587511	5.1027893896856
763.36000000000	0.11222338804522	-0.90619812533853
763.97000000000	0.10738147764761	-6.5825087659379
764.58000000000	0.10241497582574	-11.807646738185
765.19000000000	0.097608673061286	-16.460878377742
765.80000000000	0.093576939238782	-20.708832522039
766.41000000000	0.089986280900681	-24.487276492157
767.02000000000	0.087324270488350	-27.922217815573
767.63000000000	0.085645868259331	-31.222581704378
768.24000000000	0.084934470838884	-34.613391308424
768.85000000000	0.085081921094649	-38.321282778675
769.46000000000	0.085887289947741	-42.542005532503
770.07000000000	0.087065033878550	-47.411977041234
770.68000000000	0.088265317662877	-52.989207825463
771.29000000000	0.089112552903290	-59.245264986064
771.90000000000	0.089264479599602	-66.069850703313
772.51000000000	0.088479597059627	-73.290394957069
773.12000000000	0.086664258871568	-80.704194882439
773.73000000000	0.083877207617290	-88.112677227897
774.34000000000	0.080293507777482	-95.348769555631
774.95000000000	0.076145233735395	-102.29269050792
775.56000000000	0.071663108626881	-108.87396828854
776.17000000000	0.067037565337711	-115.06239797803
776.78000000000	0.062403084319612	-120.85316773720
777.39000000000	0.057839952674816	-126.24974930227
778.00000000000	0.053386482759470	-131.24545825304
778.61000000000	0.049058025057980	-135.80388729200
779.22000000000	0.044871451598570	-139.84214021072
779.83000000000	0.040870307109362	-143.22914449137
780.44000000000	0.037136270660435	-145.81523712262
781.05000000000	0.033771045627262	-147.48981053473
781.66000000000	0.030856800488165	-148.22620831034
782.27000000000	0.028430571451262	-148.07347332099
782.88000000000	0.026493797284510	-147.11346820035
783.49000000000	0.025039888116836	-145.43858048123
784.10000000000	0.024071037745045	-143.17165343299
784.71000000000	0.023582641914612	-140.45348795606
785.32000000000	0.023762865893315	-137.42670749469
785.93000000000	0.024456404449252	-134.99036340773
786.54000000000	0.025665261673619	-133.03395021882
787.15000000000	0.027387533347174	-131.86079906841
787.76000000000	0.029574647996988	-131.60876581704
788.37000000000	0.032172208865834	-132.29444444345
788.98000000000	0.035133569322514	-133.85897786345
789.59000000000	0.038430472697229	-136.21422869064
790.20000000000	0.042057508703210	-139.28377420071
790.81000000000	0.046022630155207	-143.03064025219
791.42000000000	0.050319545483958	-147.45908917031
792.03000000000	0.054894039002240	-152.58582967712
792.64000000000	0.059629467664731	-158.40187699178
793.25000000000	0.064369354294543	-164.87179609837
793.86000000000	0.068850548427612	-171.92322294952
794.47000000000	0.073084120703686	-179.29339577343
795.08000000000	0.076852246662429	172.96806335340
795.69000000000	0.080031561533253	164.97682283268
796.30000000000	0.082536392226784	156.81510600824
796.91000000000	0.084299468976153	148.55492801527
797.52000000000	0.085270251074576	140.26451043776
798.13000000000	0.085419942570745	132.01719586540
798.74000000000	0.084751950516329	123.89817087884
799.35000000000	0.083316369992861	116.00910079647
799.96000000000	0.081226232217471	108.46681516154
800.57000000000	0.078669186060658	101.38968632060
801.18000000000	0.075902536937218	94.866749620165
801.79000000000	0.073216379511693	88.913917800369
802.40000000000	0.070861385891613	83.439584681005
803.01000000000	0.068968368382117	78.254032128232
803.62000000000	0.067509978916231	73.135424565116
804.23000000000	0.066334240250660	67.915300402556
804.84000000000	0.065245993713498	62.527106847387
805.45000000000	0.064083649495334	56.998824337585
806.06000000000	0.062758206957925	51.413794525202
806.67000000000	0.061255231037029	45.870124441935
807.28000000000	0.059616409010872	40.452459705721
807.89000000000	0.057915424328342	35.216148075850
808.50000000000	0.056235637410041	30.179724067172
809.11000000000	0.054651886051354	25.322976215473
809.72000000000	0.053216748614665	20.590064514364
810.33000000000	0.051951505038668	15.898017486069
810.94000000000	0.050842278811165	11.150014493033
811.55000000000	0.049841563256858	6.2510188889764
812.16000000000	0.048874456358509	1.1221582378107
812.77000000000	0.047848005765582	-4.2891474248679
813.38000000000	0.046661733197529	-10.004247962650
813.99000000000	0.045217845225853	-16.012293944021
814.60000000000	0.043430487976119	-22.270901715843
815.21000000000	0.041234080968697	-28.706266195447
815.82000000000	0.038590791551051	-35.211412698439
816.43000000000	0.035496416474263	-41.642028061631
817.04000000000	0.031982687845192	-47.808606929350
817.65000000000	0.028113586922384	-53.458813841613
818.26000000000	0.023975836174750	-58.229308673520
818.87000000000	0.019671284852752	-61.508188516130
819.48000000000	0.015332882998483	-62.042786565236
820.09000000000	0.011221798971316	-56.815601945498
820.70000000000	0.0080934601857713	-38.810755560274
821.31000000000	0.0077535492246925	-6.0817876232255
821.92000000000	0.010816428221330	16.824324466718
822.53000000000	0.015660752248277	24.745095904574
823.14000000000	0.021383947123230	25.509783208982
823.75000000000	0.027742151471463	22.912919169753
824.36000000000	0.034676465822244	18.420237297652
824.97000000000	0.042143859065254	12.648779651071
825.58000000000	0.050052840140954	5.9102240832488
826.19000000000	0.058245025391520	-1.5867384476056
826.80000000000	0.066507503088428	-9.6628164992132
827.41000000000	0.074604765309433	-18.148199223080
828.02000000000	0.082316764218807	-26.884274573475
828.63000000000	0.089470249528484	-35.731515900695
829.24000000000	0.095955397010234	-44.576175043666
829.85000000000	0.10172659432260	-53.333061580860
830.46000000000	0.10679165731133	-61.944380405155
831.07000000000	0.11119574443921	-70.375873306901
831.68000000000	0.11500525671630	-78.611758631650
832.29000000000	0.11829475264457	-86.649639872477
832.90000000000	0.12113783152119	-94.496062389845
833.51000000000	0.12360165746072	-102.16297896260
834.12000000000	0.12574427386478	-109.66511988438
834.73000000000	0.12761381153922	-117.01813645048
835.34000000000	0.12924885797727	-124.23735067532
835.95000000000	0.13067946622506	-131.33695516728
836.56000000000	0.13192846460506	-138.32953609598
837.17000000000	0.13301286254900	-145.22582350497
837.78000000000	0.13394523642263	-152.03460025873
838.39000000000	0.13473503351823	-158.76272195624
839.00000000000	0.13538976327063	-165.41521562246
839.61000000000	0.13591606068027	-171.99543597546
840.22000000000	0.13632061381518	-178.50526560022
840.83000000000	0.13661094910893	175.05464977091
841.44000000000	0.13679606772153	168.68463692094
842.05000000000	0.13688692544853	162.38570678640
842.66000000000	0.13689674896537	156.15924748788
843.27000000000	0.13684118350419	150.00670560619
843.88000000000	0.13673827178340	143.92926462548
844.49000000000	0.13660827098158	137.92753167078
845.10000000000	0.13647332304350	132.00124546985
845.71000000000	0.13635700244107	126.14901934598
846.32000000000	0.13628377323992	120.36813257903
846.93000000000	0.13627839251318	114.65438143634
847.54000000000	0.13636529868246	109.00199762164
848.15000000000	0.13656802069551	103.40363717165
848.76000000000	0.13690863721592	97.850437564462
849.37000000000	0.13740730502229	92.332135772367
849.98000000000	0.13808186393956	86.837235987223
850.59000000000	0.13894751345720	81.353213407100
851.20000000000	0.14001654532895	75.866740157583
851.81000000000	0.14129810829797	70.363921145680
852.42000000000	0.14279797681850	64.830531086877
853.03000000000	0.14451829628563	59.252248477116
853.64000000000	0.14645728385420	53.614886960403
854.25000000000	0.14860887716933	47.904628068633
854.86000000000	0.15096234264916	42.108260073073
855.47000000000	0.15350187640021	36.213424290739
856.08000000000	0.15620624551551	30.208862839626
856.69000000000	0.15904851405701	24.084654205444
857.30000000000	0.16199587264214	17.832422458386
857.91000000000	0.16500956046592	11.445519474720
858.52000000000	0.16804487322394	4.9192059054533
859.13000000000	0.17105132684325	-1.7491159039831
859.74000000000	0.17397319537625	-8.5595433589327
860.35000000000	0.17675081578823	-15.509060931415
860.96000000000	0.17932305476528	-22.590178728463
861.57000000000	0.18162743365655	-29.785798983595
862.18000000000	0.18348666598906	-37.053253084508
862.79000000000	0.18475046142912	-44.548502004974
863.40000000000	0.18597306390210	-52.098306287714
864.01000000000	0.18669785321053	-59.679625459172
864.62000000000	0.18694675304270	-67.302087969917
865.23000000000	0.18675371685391	-74.952514400193
865.84000000000	0.18616068977810	-82.618416037329
866.45000000000	0.18521948340106	-90.291775923411
867.06000000000	0.18398752293752	-97.970469641680
867.67000000000	0.18252147683028	-105.65890037956
868.28000000000	0.18087042120582	-113.36803822772
868.89000000000	0.17906938210270	-121.11490974108
869.50000000000	0.17713371655716	-128.92156151909
870.11000000000	0.17505462153143	-136.81349705883
870.72000000000	0.17279609422783	-144.81755506719
871.33000000000	0.17029390540856	-152.95918243233
871.94000000000	0.16745751943624	-161.25909040033
872.55000000000	0.16417621812045	-169.72940569625
873.16000000000	0.16033063210119	-178.36966266675
873.77000000000	0.15581003365457	172.83669662285
874.38000000000	0.15053383438842	163.92435281932
874.99000000000	0.14447309888678	154.94564732224
875.60000000000	0.13766579848019	145.96699009716
876.21000000000	0.13021976954059	137.06236352260
876.82000000000	0.12230082053891	128.30519100910
877.43000000000	0.11410887599107	119.76052123396
878.04000000000	0.10584942802161	111.47939259794
878.65000000000	0.097708418325399	103.49644190857
879.26000000000	0.089836017888312	95.830769970861
879.87000000000	0.082340730672451	88.489266829446
880.48000000000	0.075292059168339	81.471225711701
881.09000000000	0.068728562868386	74.773011837597
881.70000000000	0.062668167409809	68.391544780738
882.31000000000	0.057118220362125	62.325211933149
882.92000000000	0.052083395394345	56.570544359968
883.53000000000	0.047569852028773	51.112796690895
884.14000000000	0.043584091175166	45.909116852126
884.75000000000	0.040124977722345	40.865491162278
885.36000000000	0.037168136953294	35.814566858388
885.97000000000	0.034644710628146	30.510183866762
886.58000000000	0.032422356580840	24.659160007773
887.19000000000	0.030303400805666	17.999781297786
887.80000000000	0.028056164618684	10.408269613913
888.41000000000	0.025482852294177	1.9909733837651
889.02000000000	0.022501829415497	-6.8765229397889
889.63000000000	0.019198854960917	-15.579830728684
890.24000000000	0.015805222592845	-23.362709536681
890.85000000000	0.012603560045060	-29.470984128614
891.46000000000	0.0098173181766567	-33.299691146114
892.07000000000	0.0075513052118290	-34.482072395876
892.68000000000	0.0058021309200296	-32.878252356036
893.29000000000	0.0045050781684827	-28.488845544513
893.90000000000	0.0035779802758167	-21.395290073526
894.51000000000	0.0029463840680417	-11.821098159561
895.12000000000	0.0025518846898558	-0.29882494514608
895.73000000000	0.0023506847039254	12.204682471212
896.34000000000	0.0023085851551273	24.403872644883
896.95000000000	0.0023959369437971	35.069132245640
897.56000000000	0.0025834897841780	43.389633261528
898.17000000000	0.0028387517649272	49.083205780301
898.78000000000	0.0031232746531640	52.301187513773
899.39000000000	0.0033931742658743	53.493658485550
900.00000000000	0.0036057150098866	53.307084614199
