#
#"Frequency / GHz"	"S1,4 [Mag]"	"S1,4 [Pha in deg.]"
#---------------------------------------------------
290.00000000000	0.47691662724830	-134.46036751282
290.61000000000	0.47880533616270	-139.37572222160
291.22000000000	0.48049906302532	-144.29023054521
291.83000000000	0.48199999921016	-149.20122359810
292.44000000000	0.48331367586386	-154.10609202798
293.05000000000	0.48444867753093	-159.00235397465
293.66000000000	0.48541603745722	-163.88769693333
294.27000000000	0.48622844651941	-168.75995983846
294.88000000000	0.48689973692323	-173.61702993194
295.49000000000	0.48744538545024	-178.45668601375
296.10000000000	0.48788443118917	176.72348528580
296.71000000000	0.48824193515229	171.92595198932
297.32000000000	0.48855011656442	167.15288714270
297.93000000000	0.48884721081888	162.40581537066
298.54000000000	0.48917506782084	157.68544855180
299.15000000000	0.48957715643679	152.99170908287
299.76000000000	0.49009768911795	148.32381477892
300.37000000000	0.49078156968281	143.68032276461
300.98000000000	0.49167458276999	139.05910160625
301.59000000000	0.49282340108943	134.45724523752
302.20000000000	0.49427518824836	129.87095491612
302.81000000000	0.49607669015056	125.29541551984
303.42000000000	0.49827276154653	120.72469169779
304.03000000000	0.50090431464354	116.15167027643
304.64000000000	0.50400573321365	111.56807614054
305.25000000000	0.50760187727454	106.96458678722
305.86000000000	0.51170490348300	102.33106350176
306.47000000000	0.51631122588341	97.656903533592
307.08000000000	0.52139901286258	92.931498674475
307.69000000000	0.52692662937610	88.144764517427
308.30000000000	0.53283236719928	83.287686535105
308.91000000000	0.53903565748556	78.352819490680
309.52000000000	0.54543975179616	73.334679454859
310.13000000000	0.55193563475116	68.229983279262
310.74000000000	0.55840674769615	63.037715235632
311.35000000000	0.56473400353908	57.759028298767
311.96000000000	0.57080057876439	52.397011311402
312.57000000000	0.57649606945105	46.956367930745
313.18000000000	0.58171975896808	41.443056945401
313.79000000000	0.58638292028378	35.863937596319
314.40000000000	0.59041022464144	30.226451350721
315.01000000000	0.59374042518456	24.538357164277
315.62000000000	0.59632652182196	18.807523985481
316.23000000000	0.59813560026626	13.041774205059
316.84000000000	0.59914849058953	7.2487657209514
317.45000000000	0.59935932794070	1.4358980634407
318.06000000000	0.59877503695789	-4.3897711859590
318.67000000000	0.59741471367844	-10.221610649229
319.28000000000	0.59530885064395	-16.053507211421
319.89000000000	0.59249834360944	-21.879968955217
320.50000000000	0.58903322900651	-27.696238357062
321.11000000000	0.58497112463737	-33.498412213158
321.72000000000	0.58037537526953	-39.283562796353
322.33000000000	0.57531293320396	-45.049853736085
322.94000000000	0.56985202605382	-50.796643920444
323.55000000000	0.56405967648680	-56.524573088168
324.16000000000	0.55799914057438	-62.235623387584
324.77000000000	0.55172732408104	-67.933151687114
325.38000000000	0.54529222296708	-73.621887509676
325.99000000000	0.53873042049717	-79.307890875039
326.60000000000	0.53206466450301	-84.998462909015
327.21000000000	0.52530155090503	-90.701999787653
327.82000000000	0.51842936005374	-96.427777578708
328.43000000000	0.51141613697109	-102.18565222906
329.04000000000	0.50420817994121	-107.98565609553
329.65000000000	0.49672920534232	-113.83747129762
330.26000000000	0.48888058382344	-119.74976266379
330.87000000000	0.48054317407466	-125.72936163233
331.48000000000	0.47158137509155	-131.78030991688
332.09000000000	0.46185001040758	-137.90280023461
332.70000000000	0.45120446249330	-144.09209089753
333.31000000000	0.43951401093292	-150.33751713525
333.92000000000	0.42667756734876	-156.62176377729
334.53000000000	0.41264003903127	-162.92058405774
335.14000000000	0.39740665753651	-169.20312818601
335.75000000000	0.38105218069920	-175.43297010300
336.36000000000	0.36372229831024	178.43020339486
336.97000000000	0.34562596207381	172.42842112728
337.58000000000	0.32701939909534	166.60307108295
338.19000000000	0.30818455719020	160.99270331634
338.80000000000	0.28940592159194	155.63129358375
339.41000000000	0.27094963558878	150.54715344497
340.02000000000	0.25304778909367	145.76252723440
340.63000000000	0.23588914746902	141.29378829311
341.24000000000	0.21961608934220	137.15206653947
341.85000000000	0.20432650992662	133.34411323595
342.46000000000	0.19007902929512	129.87322461214
343.07000000000	0.17689990334794	126.74008440314
343.68000000000	0.16479036144319	123.94342884526
344.29000000000	0.15373350033286	121.48047467938
344.90000000000	0.14370022730223	119.34707438643
345.51000000000	0.13465401696092	117.53756493425
346.12000000000	0.12655445754713	116.04423724822
346.73000000000	0.11935990394152	114.85625926245
347.34000000000	0.11303041754371	113.95795979807
347.95000000000	0.10753263056044	113.32766395708
348.56000000000	0.10284264992414	112.94009994939
349.17000000000	0.098938212466576	112.76954835695
349.78000000000	0.095791014243932	112.78616814874
350.39000000000	0.093371226762347	112.95192966970
351.00000000000	0.091652295985414	113.22206618670
351.61000000000	0.090610959928980	113.54820288943
352.22000000000	0.090226100408588	113.88098820407
352.83000000000	0.090478180596738	114.17233778398
353.44000000000	0.091349305162470	114.37739144772
354.05000000000	0.092823654366223	114.45604461794
354.66000000000	0.094888086306675	114.37390544864
355.27000000000	0.097532751932070	114.10262989454
355.88000000000	0.10075160367014	113.61969851813
356.49000000000	0.10454270878430	112.90777452845
357.10000000000	0.10890830273809	111.95381092075
357.71000000000	0.11385453232334	110.74806431027
358.32000000000	0.11939084098686	109.28314085232
358.93000000000	0.12552894068336	107.55316143276
359.54000000000	0.13228129962737	105.55309985369
360.15000000000	0.13965906001231	103.27832404332
360.76000000000	0.14766929325397	100.72435703409
361.37000000000	0.15631151486817	97.886869531021
361.98000000000	0.16557343244794	94.761915696335
362.59000000000	0.17542600686698	91.346423494343
363.20000000000	0.18581808682954	87.638944727495
363.81000000000	0.19667113966647	83.640651432766
364.42000000000	0.20787493214973	79.356529394918
365.03000000000	0.21928535250967	74.796664893747
365.64000000000	0.23072577988011	69.977453669100
366.25000000000	0.24199330890148	64.922498238353
366.86000000000	0.25287053315819	59.662928408696
367.47000000000	0.26314241698624	54.236911239016
368.08000000000	0.27261624976014	48.688230873045
368.69000000000	0.28114130498898	43.064005894173
369.30000000000	0.28862428074934	37.411823404093
369.91000000000	0.29503730352419	31.776731090129
370.52000000000	0.30041709076861	26.198580251277
371.13000000000	0.30485607922026	20.710152963895
371.74000000000	0.30848809033095	15.336459409970
372.35000000000	0.31147274747355	10.096218936711
372.96000000000	0.31401661487727	5.0145065928243
373.57000000000	0.31679517744942	-0.023133870376757
374.18000000000	0.31848516340926	-4.8847382378660
374.79000000000	0.32048196269461	-9.6000073046314
375.40000000000	0.32263871683415	-14.208685798848
376.01000000000	0.32502529641158	-18.723005470851
376.62000000000	0.32771820092340	-23.157399771658
377.23000000000	0.33078255340382	-27.527089432454
377.84000000000	0.33427113004973	-31.847283584374
378.45000000000	0.33822601256219	-36.132736305456
379.06000000000	0.34268070624940	-40.397516296410
379.67000000000	0.34766212818519	-44.654929705573
380.28000000000	0.35319219586023	-48.917555288846
380.89000000000	0.35928885430349	-53.197353041171
381.50000000000	0.36596644435381	-57.505806440116
382.11000000000	0.37323537371894	-61.854059703576
382.72000000000	0.38110110955925	-66.253016585315
383.33000000000	0.38956256177327	-70.713375694491
383.94000000000	0.39860996577804	-75.245587366795
384.55000000000	0.40822240342613	-79.859726682853
385.16000000000	0.41836512769888	-84.565284918485
385.77000000000	0.42898689047275	-89.370887288693
386.38000000000	0.44001751979130	-94.283949139652
386.99000000000	0.45136605309096	-99.310287057975
387.60000000000	0.46291979489962	-104.45370681631
388.21000000000	0.47454471005653	-109.71559704890
388.82000000000	0.48608755633009	-115.09456540445
389.43000000000	0.49738007082479	-120.58616089082
390.04000000000	0.50824532865321	-126.18272952053
390.65000000000	0.51850608904658	-131.87344716714
391.26000000000	0.52799456917269	-137.64456138391
391.87000000000	0.53656271617650	-143.47985232421
392.48000000000	0.54409178770053	-149.36129418208
393.09000000000	0.55049999960902	-155.26986804324
393.70000000000	0.55574720891338	-161.18645180547
394.31000000000	0.55983604380530	-167.09269956441
394.92000000000	0.56280946632338	-172.97182533680
395.53000000000	0.56474530801363	-178.80922357636
396.14000000000	0.56574871822334	175.40711318464
396.75000000000	0.56594363117448	169.68638820007
397.36000000000	0.56546429231235	164.03498726351
397.97000000000	0.56444765003799	158.45662097593
398.58000000000	0.56302710729951	152.95257651966
399.19000000000	0.56132782327863	147.52203335236
399.80000000000	0.55946351484854	142.16240401757
400.41000000000	0.55753455353332	136.86967127913
401.02000000000	0.55562708273920	131.63870331719
401.63000000000	0.55381287325889	126.46353792027
402.24000000000	0.55214966898949	121.33763352079
402.85000000000	0.55068182825685	116.25408934212
403.46000000000	0.54944112345762	111.20583912644
404.07000000000	0.54844761333797	106.18582341511
404.68000000000	0.54771054361154	101.18714473140
405.29000000000	0.54722926175364	96.203208783141
405.90000000000	0.54699415163215	91.227853350720
406.51000000000	0.54698760485638	86.255465116219
407.12000000000	0.54718505006322	81.281083472170
407.73000000000	0.54755606018871	76.300489399148
408.34000000000	0.54806555206849	71.310276855600
408.95000000000	0.54867508321882	66.307903803772
409.56000000000	0.54934423813785	61.291720024547
410.17000000000	0.55003208197309	56.260969272716
410.78000000000	0.55069864438205	51.215764098527
411.39000000000	0.55130638272199	46.157032785883
412.00000000000	0.55182156339706	41.086439261161
412.61000000000	0.55221549517599	36.006278390151
413.22000000000	0.55246554994882	30.919350646471
413.83000000000	0.55255591522514	25.828821528459
414.44000000000	0.55247803814989	20.738072156779
415.05000000000	0.55223074134947	15.650548069535
415.66000000000	0.55182001412291	10.569613266963
416.27000000000	0.55125850552332	5.4984160315633
416.88000000000	0.55056476592994	0.43977201848730
417.49000000000	0.54976229850332	-4.6039313067271
418.10000000000	0.54887849003797	-9.6308064508384
418.71000000000	0.54794349182539	-14.639513159539
419.32000000000	0.54698911586210	-19.629282014203
419.93000000000	0.54604780147706	-24.599916544202
420.54000000000	0.54515169400115	-29.551777053125
421.15000000000	0.54433186226710	-34.485750009654
421.76000000000	0.54361766706441	-39.403207151932
422.37000000000	0.54303627929319	-44.305958432123
422.98000000000	0.54261233511784	-49.196202630000
423.59000000000	0.54236770617804	-54.076478934103
424.20000000000	0.54232135589409	-58.949622058503
424.81000000000	0.54248924807618	-63.818722553225
425.42000000000	0.54288427150165	-68.687092891516
426.03000000000	0.54351614420507	-73.558238700973
426.64000000000	0.54439126457824	-78.435833200588
427.25000000000	0.54551248386858	-83.323691617641
427.86000000000	0.54687878713781	-88.225741263160
428.47000000000	0.54848488758917	-93.145982293552
429.08000000000	0.55032076176732	-98.088434276979
429.69000000000	0.55237117828570	-103.05706479666
430.30000000000	0.55461529636535	-108.05569861722
430.91000000000	0.55702642688229	-113.08790932790
431.52000000000	0.55957205155701	-118.15689943436
432.13000000000	0.56221418040383	-123.26537883263
432.74000000000	0.56491009208436	-128.41545448533
433.35000000000	0.56761345002820	-133.60854500099
433.96000000000	0.57027572812567	-138.84533213281
434.57000000000	0.57284782607610	-144.12575702977
435.18000000000	0.57528171879450	-149.44906314442
435.79000000000	0.57753197544223	-154.81388127954
436.40000000000	0.57955700370660	-160.21834671748
437.01000000000	0.58131991870047	-165.66023481191
437.62000000000	0.58278899277025	-171.13710034945
438.23000000000	0.58393770025072	-176.64640729245
438.84000000000	0.58474441914256	177.81436141578
439.45000000000	0.58519188318374	172.24762030816
440.06000000000	0.58526649084394	166.65562633836
440.67000000000	0.58495757423069	161.04045095287
441.28000000000	0.58425671488546	155.40397521565
441.89000000000	0.58315716982495	149.74790218010
442.50000000000	0.58165344439620	144.07377990254
443.11000000000	0.57974102203959	138.38302847634
443.72000000000	0.57741623729969	132.67696506724
444.33000000000	0.57467625892344	126.95682199205
444.94000000000	0.57151913557718	121.22375427499
445.55000000000	0.56794384819080	115.47883473462
446.16000000000	0.56395031060070	109.72303640809
446.77000000000	0.55953926431383	103.95720392308
447.38000000000	0.55471202413280	98.182017196845
447.99000000000	0.54947004950219	92.397952515589
448.60000000000	0.54381434263277	86.605247666107
449.21000000000	0.53774470998023	80.803879719235
449.82000000000	0.53125896715858	74.993567518358
450.43000000000	0.52435220042082	69.173818641862
451.04000000000	0.51701614388140	63.344054891666
451.65000000000	0.50923843163285	57.503857787464
452.26000000000	0.50100102657938	51.653315941794
452.87000000000	0.49227776330081	45.793292874759
453.48000000000	0.48303360487956	39.925447042386
454.09000000000	0.47322831700442	34.052288644635
454.70000000000	0.46282218487730	28.177667318160
455.31000000000	0.45178032970888	22.307506348837
455.92000000000	0.44007618759873	16.450412987825
456.53000000000	0.42769576620917	10.618073800427
457.14000000000	0.41464278343610	4.8254698068030
457.75000000000	0.40094383974064	-0.90909250560882
458.36000000000	0.38665260770698	-6.5641726186762
458.97000000000	0.37185213174616	-12.115642092113
459.58000000000	0.35665457187960	-17.537387875715
460.19000000000	0.34119810072722	-22.802237917682
460.80000000000	0.32564113590780	-27.883040239989
461.41000000000	0.31015456073795	-32.753805187713
462.02000000000	0.29491293034341	-37.390817085609
462.63000000000	0.28008578525785	-41.773636293281
463.24000000000	0.26583007817999	-45.885940305873
463.85000000000	0.25228441583265	-49.716184120493
464.46000000000	0.23956542901162	-53.258086198708
465.07000000000	0.22776621709558	-56.510960279754
465.68000000000	0.21695654490420	-59.479912722092
466.29000000000	0.20718433046018	-62.175912253469
466.90000000000	0.19847794205778	-64.615719901307
467.51000000000	0.19084888796085	-66.821649400969
468.12000000000	0.18429459082498	-68.821120576788
468.73000000000	0.17880105525791	-70.645975987245
469.34000000000	0.17434533525474	-72.331556137637
469.95000000000	0.17089777506597	-73.915566631125
470.56000000000	0.16842402967914	-75.436812118091
471.17000000000	0.16688687511611	-76.933904387341
471.78000000000	0.16624780475574	-78.444064654858
472.39000000000	0.16646838770938	-80.002128248774
473.00000000000	0.16751134852761	-81.639826558652
473.61000000000	0.16934131944310	-83.385375791624
474.22000000000	0.17192521753176	-85.263356567882
474.83000000000	0.17523220693401	-87.294832453252
475.44000000000	0.17923321697541	-89.497634196955
476.05000000000	0.18389999816317	-91.886729774776
476.66000000000	0.18920370957524	-94.474604990741
477.27000000000	0.19511304592656	-97.271590811314
477.88000000000	0.20159193593531	-100.28608782392
478.49000000000	0.20859688247944	-103.52465281206
479.10000000000	0.21607407645048	-106.99192676801
479.71000000000	0.22395650472221	-110.69039850714
480.32000000000	0.23216138637554	-114.62001500432
480.93000000000	0.24058839667477	-118.77767020253
481.54000000000	0.24911924465754	-123.15662882043
482.15000000000	0.25761920792984	-127.74596881685
482.76000000000	0.26594113536311	-132.53015064275
483.37000000000	0.27393215118910	-137.48883490810
483.98000000000	0.28144282143789	-142.59706265995
484.59000000000	0.28833794326267	-147.82587634048
485.20000000000	0.29450754777655	-153.14339423026
485.81000000000	0.29987637944808	-158.51626754444
486.42000000000	0.30441020607739	-163.91136861293
487.03000000000	0.30811786206783	-169.29750565095
487.64000000000	0.31104878918286	-174.64695239981
488.25000000000	0.31328673569368	-179.93662163288
488.86000000000	0.31494092459416	174.85121434479
489.47000000000	0.31613624350255	169.72866970798
490.08000000000	0.31700385325114	164.70240158992
490.69000000000	0.31767319902541	159.77407889215
491.30000000000	0.31826591825046	154.94105259791
491.91000000000	0.31889171737205	150.19712670199
492.52000000000	0.31964600781571	145.53335109484
493.13000000000	0.32060895655929	140.93878268120
493.74000000000	0.32184558578927	136.40118220422
494.35000000000	0.32340660234135	131.90762876682
494.96000000000	0.32532970844762	127.44504189261
495.57000000000	0.32764121035532	123.00060406579
496.18000000000	0.33035778434261	118.56207783047
496.79000000000	0.33348827700970	114.11801345522
497.40000000000	0.33703541493793	109.65784773698
498.01000000000	0.34099729046274	105.17190215054
498.62000000000	0.34536848927444	100.65129810218
499.23000000000	0.35014074212343	96.087816253163
499.84000000000	0.35530302032908	91.473733229586
500.45000000000	0.36084104879110	86.801670752958
501.06000000000	0.36673627152658	82.064488890531
501.67000000000	0.37296436353048	77.255247696993
502.28000000000	0.37949343238977	72.367251801565
502.89000000000	0.38628209192168	67.394182360772
503.50000000000	0.39327762034324	62.330311559835
504.11000000000	0.40041444010048	57.170787000565
504.72000000000	0.40761317575590	51.911966676013
505.33000000000	0.41478055520597	46.551779332265
505.94000000000	0.42181040697804	41.090079565027
506.55000000000	0.42858595743693	35.528962253790
507.16000000000	0.43498353216960	29.872997873721
507.77000000000	0.44087760923224	24.129350410456
508.38000000000	0.44614696754367	18.307744754564
508.99000000000	0.45068145136203	12.420261745748
509.60000000000	0.45438868039199	6.4809563345645
510.21000000000	0.45719993152537	0.50531565954363
510.82000000000	0.45907444829297	-5.4904045353490
511.43000000000	0.46000161212721	-11.489909451363
512.04000000000	0.46000070690149	-17.477596295523
512.65000000000	0.45911835846558	-23.439224246373
513.26000000000	0.45742405095668	-29.362472395558
513.87000000000	0.45500433954356	-35.237352684358
514.48000000000	0.45195645484450	-41.056464078708
515.09000000000	0.44838192577144	-46.815090425537
515.70000000000	0.44438066869343	-52.511156165888
516.31000000000	0.44004576833280	-58.145062984151
516.92000000000	0.43545899735464	-63.719437458281
517.53000000000	0.43068704538084	-69.238820305168
518.14000000000	0.42577842323421	-74.709315526669
518.75000000000	0.42076098935037	-80.138195418847
519.36000000000	0.41563999067944	-85.533436862962
519.97000000000	0.41039648769513	-90.903152068665
520.58000000000	0.40498610469731	-96.254867709172
521.19000000000	0.39933821821731	-101.59459209649
521.80000000000	0.39335595876388	-106.92558813150
522.41000000000	0.38691777178304	-112.24674367343
523.02000000000	0.37988179992095	-117.55040979334
523.63000000000	0.37209502691602	-122.81958041719
524.24000000000	0.36340988768754	-128.02435391479
524.85000000000	0.35371160840486	-133.11782270050
525.46000000000	0.34295921215329	-138.03200033444
526.07000000000	0.33124070554992	-142.67526136137
526.68000000000	0.31883696612015	-146.93409256238
527.29000000000	0.30627872577696	-150.68339880624
527.90000000000	0.29436961936689	-153.80995039029
528.51000000000	0.28414374331117	-156.25047019473
529.12000000000	0.27673893518746	-158.03719886918
529.73000000000	0.27319872757598	-159.33144181109
530.34000000000	0.27425164060716	-160.41921988632
530.95000000000	0.28013497109341	-161.65559635450
531.56000000000	0.29052179766814	-163.37519644780
532.17000000000	0.30457726636095	-165.81149776081
532.78000000000	0.32112586106558	-169.06059974387
533.39000000000	0.33887686360351	-173.09398033418
534.00000000000	0.35664256918645	-177.80018398195
534.61000000000	0.37349169275629	176.96854601339
535.22000000000	0.38880946516209	171.36021366457
535.83000000000	0.40227588640618	165.50262395243
536.44000000000	0.41379892736819	159.49619080163
537.05000000000	0.42343873080431	153.41484082601
537.66000000000	0.43134364522007	147.31041701897
538.27000000000	0.43770432551576	141.21775381759
538.88000000000	0.44272410302379	135.15914212214
539.49000000000	0.44660129920406	129.14782599100
540.10000000000	0.44951939006099	123.19059068963
540.71000000000	0.45164200179546	117.28963342320
541.32000000000	0.45311076256666	111.44391240461
541.93000000000	0.45404480160821	105.65013199239
542.54000000000	0.45454118174362	99.903478496919
543.15000000000	0.45467584904976	94.198185564582
543.76000000000	0.45450485573058	88.527982106088
544.37000000000	0.45406571059029	82.886458242223
544.98000000000	0.45337876818823	77.267373639779
545.59000000000	0.45244860175267	71.664926099329
546.20000000000	0.45126532702459	66.073995050793
546.81000000000	0.44980586097619	60.490373946513
547.42000000000	0.44803511596555	54.911007087127
548.03000000000	0.44590715222606	49.334250184612
548.64000000000	0.44336634814526	43.760180187232
549.25000000000	0.44034871169383	38.190988801397
549.86000000000	0.43678356758124	32.631505569395
550.47000000000	0.43259604187713	27.089908780782
551.08000000000	0.42771106559741	21.578691057909
551.69000000000	0.42206006648949	16.115938971529
552.30000000000	0.41559211570654	10.726935633836
552.91000000000	0.40829192704742	5.4459490660371
553.52000000000	0.40020735734366	0.31773800844860
554.13000000000	0.39148792078549	-4.6023217222952
554.74000000000	0.38243144939310	-9.2515458835211
555.35000000000	0.37352616179635	-13.569669748828
555.96000000000	0.36546014444693	-17.517573609442
556.57000000000	0.35905817783719	-21.103450648144
557.18000000000	0.35511845345498	-24.405801620863
557.79000000000	0.35417892457941	-27.574371132649
558.40000000000	0.35632092463461	-30.796350753073
559.01000000000	0.36113387575200	-34.240194262205
559.62000000000	0.36786934011938	-38.010005808513
560.23000000000	0.37568626871752	-42.134023188759
560.84000000000	0.38385579425560	-46.582968115005
561.45000000000	0.39185984801427	-51.298582065018
562.06000000000	0.39939552684081	-56.216907519103
562.67000000000	0.40632951064082	-61.281488920203
563.28000000000	0.41264058972047	-66.448302417381
563.89000000000	0.41837031435027	-71.685875367738
564.50000000000	0.42358770555123	-76.973317123572
565.11000000000	0.42836691393077	-82.297822462637
565.72000000000	0.43277450586216	-87.652356853632
566.33000000000	0.43686313438465	-93.033757453047
566.94000000000	0.44066915075087	-98.441265474101
567.55000000000	0.44421253605228	-103.87542648698
568.16000000000	0.44749816298476	-109.33728035299
568.77000000000	0.45051781814405	-114.82777241734
569.38000000000	0.45325266924098	-120.34733402800
569.99000000000	0.45567599957933	-125.89559596119
570.60000000000	0.45775609463742	-131.47121042165
571.21000000000	0.45945918237361	-137.07176550290
571.82000000000	0.46075232161684	-142.69378068287
572.43000000000	0.46160611794659	-148.33277372532
573.04000000000	0.46199713623699	-153.98338902905
573.65000000000	0.46190988222155	-159.63957587636
574.26000000000	0.46133824643707	-165.29480307661
574.87000000000	0.46028634233049	-170.94229503179
575.48000000000	0.45876872109156	-176.57527394528
576.09000000000	0.45681000032068	177.81280585889
576.70000000000	0.45444399193336	172.22804272762
577.31000000000	0.45171244779396	166.67589878972
577.92000000000	0.44866355381535	161.16104005356
578.53000000000	0.44535029361872	155.68720392682
579.14000000000	0.44182877497482	150.25708949730
579.75000000000	0.43815657341833	144.87226458840
580.36000000000	0.43439110666458	139.53308434288
580.97000000000	0.43058801935873	134.23861876604
581.58000000000	0.42679953643345	128.98659072203
582.19000000000	0.42307273735248	123.77333046126
582.80000000000	0.41944771104328	118.59375690042
583.41000000000	0.41595556730201	113.44139880798
584.02000000000	0.41261629838069	108.30847046424
584.63000000000	0.40943649896424	103.18601661575
585.24000000000	0.40640696215197	98.064141641814
585.85000000000	0.40350017734939	92.932339284262
586.46000000000	0.40066777373764	87.779943715424
587.07000000000	0.39783799757830	82.596731585607
587.68000000000	0.39491340701175	77.373718903170
588.29000000000	0.39176914457932	72.104216106014
588.90000000000	0.38825244112482	66.785227768138
589.51000000000	0.38418445131113	61.419305114992
590.12000000000	0.37936614295872	56.016968370366
590.73000000000	0.37359073074620	50.599787041363
591.34000000000	0.36666589729267	45.204089286646
591.95000000000	0.35844932850497	39.884974260477
592.56000000000	0.34889992753888	34.719682929871
593.17000000000	0.33814283502162	29.808308419747
593.78000000000	0.32653742493418	25.268374527173
594.39000000000	0.31472416559284	21.218662146898
595.00000000000	0.30361319318083	17.748576176405
595.61000000000	0.29427371349130	14.875626214637
596.22000000000	0.28770719731767	12.508389689483
596.83000000000	0.28456540235012	10.447840010120
597.44000000000	0.28498159519468	8.4470689652284
598.05000000000	0.28867239472782	6.2941203328616
598.66000000000	0.29522783780049	3.8472870297036
599.27000000000	0.30426780358976	1.0074898579894
599.88000000000	0.31612867259548	-2.1959389772938
600.49000000000	0.32834867184105	-6.1988264123892
601.10000000000	0.34152026143348	-10.633846248490
601.71000000000	0.35426471533646	-15.558444531401
602.32000000000	0.36571931049157	-20.850193217234
602.93000000000	0.37537518308332	-26.360936235624
603.54000000000	0.38314382233660	-31.946740860958
604.15000000000	0.38934410054904	-37.493049650267
604.76000000000	0.39459599343060	-42.935853049942
605.37000000000	0.39961255037085	-48.274302368108
605.98000000000	0.40492969232009	-53.563710972832
606.59000000000	0.41070167590152	-58.883049693453
607.20000000000	0.41670575656425	-64.292345302253
607.81000000000	0.42254767666376	-69.808977379781
608.42000000000	0.42789196908381	-75.414046504576
609.03000000000	0.43257049296335	-81.073514947418
609.64000000000	0.43656903575292	-86.755516569566
610.25000000000	0.43996491805253	-92.437840525998
610.86000000000	0.44286956622644	-98.108461046174
611.47000000000	0.44539261691345	-103.76322862214
612.08000000000	0.44762463717524	-109.40313757233
612.69000000000	0.44963136010753	-115.03206729202
613.30000000000	0.45145389466023	-120.65514802133
613.91000000000	0.45311164609843	-126.27765127150
614.52000000000	0.45460628626869	-131.90426589377
615.13000000000	0.45592601212550	-137.53864702059
615.74000000000	0.45704977149711	-143.18316075524
616.35000000000	0.45795132038807	-148.83877614989
616.96000000000	0.45860303108052	-154.50507521904
617.57000000000	0.45897936494364	-160.18036285953
618.18000000000	0.45905989755720	-165.86186360211
618.79000000000	0.45883175975747	-171.54599296525
619.40000000000	0.45829135042205	-177.22868939104
620.01000000000	0.45744519165812	177.09421042015
620.62000000000	0.45630983376346	171.42657351648
621.23000000000	0.45491076933908	165.77157399977
621.84000000000	0.45328037404402	160.13132403506
622.45000000000	0.45145494715342	154.50656061365
623.06000000000	0.44947097294191	148.89641724173
623.67000000000	0.44736076336195	143.29831074137
624.28000000000	0.44514767831446	137.70797458462
624.89000000000	0.44284116209706	132.11967177737
625.50000000000	0.44043189860178	126.52662216957
626.11000000000	0.43788749389428	120.92168060412
626.72000000000	0.43514926622067	115.29830174137
627.33000000000	0.43213097698661	109.65182063963
627.94000000000	0.42872066340100	103.98105842195
628.55000000000	0.42478708928105	98.290221172244
629.16000000000	0.42019266698538	92.590985272056
629.77000000000	0.41481500172847	86.904511899166
630.38000000000	0.40857909067212	81.262775298921
630.99000000000	0.40149951251320	75.707835430755
631.60000000000	0.39372194081977	70.286799044593
632.21000000000	0.38553521652563	65.040844906124
632.82000000000	0.37731719949226	59.991216252489
633.43000000000	0.36941274728233	55.131894805328
634.04000000000	0.36201445691300	50.438767608604
634.65000000000	0.35514596208712	45.892494910372
635.26000000000	0.34877721310624	41.498262141186
635.87000000000	0.34299851739175	37.285644166129
636.48000000000	0.33813499818895	33.284468872736
637.09000000000	0.33471222488216	29.488586392546
637.70000000000	0.33327486583801	25.830756571586
638.31000000000	0.33416245163131	22.187784036565
638.92000000000	0.33737157265631	18.414331410096
639.53000000000	0.34256094199819	14.384216658584
640.14000000000	0.34916157121283	10.017306529358
640.75000000000	0.35651584746733	5.2849297218431
641.36000000000	0.36398996254983	0.20027671821943
641.97000000000	0.37104193815303	-5.1963096577030
642.58000000000	0.37725167759635	-10.850627756230
643.19000000000	0.38232620370436	-16.704208213677
643.80000000000	0.38609089288319	-22.700363316791
644.41000000000	0.38847339360600	-28.787629231350
645.02000000000	0.38948402057919	-34.921486356486
645.63000000000	0.38919499663043	-41.064974911684
646.24000000000	0.38772033022462	-47.188590909556
646.85000000000	0.38519777224922	-53.269705981559
647.46000000000	0.38177389965568	-59.291682819496
648.07000000000	0.37759288189752	-65.242823886899
648.68000000000	0.37278897201912	-71.115270114228
649.29000000000	0.36748232327505	-76.903943598980
649.90000000000	0.36177744766200	-82.605596604186
650.51000000000	0.35576356421482	-88.217990348790
651.12000000000	0.34951623000634	-93.739194250504
651.73000000000	0.34309989878578	-99.166984284087
652.34000000000	0.33657128162780	-104.49832315265
652.95000000000	0.32998375222162	-109.72890801506
653.56000000000	0.32339408198256	-114.85291264617
654.17000000000	0.31687188339129	-119.86386378194
654.78000000000	0.31049946459925	-124.75762335626
655.39000000000	0.30435347187991	-129.53332580044
656.00000000000	0.29850353603499	-134.19065447766
656.61000000000	0.29302556946577	-138.73035552687
657.22000000000	0.28800062556977	-143.15665122677
657.83000000000	0.28350700069741	-147.47831380285
658.44000000000	0.27961398639460	-151.70873343097
659.05000000000	0.27637767252257	-155.86552498420
659.66000000000	0.27383820865786	-159.96981867062
660.27000000000	0.27201828654781	-164.04530459485
660.88000000000	0.27092268526775	-168.11712474304
661.49000000000	0.27053864190320	-172.21072280531
662.10000000000	0.27083671753125	-176.35076515696
662.71000000000	0.27177187320850	179.43974288738
663.32000000000	0.27328498942511	175.14004537216
663.93000000000	0.27530545967983	170.73208394563
664.54000000000	0.27775361829912	166.20109747400
665.15000000000	0.28054136296006	161.53604136076
665.76000000000	0.28357284190562	156.72953075375
666.37000000000	0.28674655206896	151.77762224766
666.98000000000	0.28995850908262	146.67959367577
667.59000000000	0.29310721319993	141.43777634448
668.20000000000	0.29610180212784	136.05835307601
668.81000000000	0.29885580577141	130.55548500477
669.42000000000	0.30123591317937	124.94715664678
670.03000000000	0.30317948761560	119.23857954514
670.64000000000	0.30460859964084	113.41787594626
671.25000000000	0.30543836456907	107.52044918295
671.86000000000	0.30568240780576	101.55994679158
672.47000000000	0.30529668880216	95.549669596609
673.08000000000	0.30456521257435	89.485082724746
673.69000000000	0.30290787079855	83.408346566933
674.30000000000	0.30076322238335	77.306550604954
674.91000000000	0.29806810302912	71.190984613279
675.52000000000	0.29484223229883	65.067325639641
676.13000000000	0.29111086075761	58.939181050279
676.74000000000	0.28689837408763	52.808375684025
677.35000000000	0.28222534682921	46.675111015491
677.96000000000	0.27710637925918	40.538122468111
678.57000000000	0.27154828731069	34.394854261993
679.18000000000	0.26554848135982	28.241679089000
679.79000000000	0.25909329766598	22.074206486695
680.40000000000	0.25215608588303	15.887670741114
681.01000000000	0.24469554523882	9.6774291466968
681.62000000000	0.23665450118322	3.4398241141090
682.23000000000	0.22795880047186	-2.8263995103999
682.84000000000	0.21851686788586	-9.1178933977402
683.45000000000	0.20822092009698	-15.423203712373
684.06000000000	0.19695123880635	-21.717088563431
684.67000000000	0.18458586889975	-27.951165764478
685.28000000000	0.17101973551968	-34.038299769124
685.89000000000	0.15619975340559	-39.826206927429
686.50000000000	0.14018649737690	-45.052639827144
687.11000000000	0.12325902057901	-49.270950491295
687.72000000000	0.10608727452458	-51.739349708426
688.33000000000	0.089994847163030	-51.326952097754
688.94000000000	0.077237045574579	-46.770871248402
689.55000000000	0.070735856594719	-38.122571442729
690.16000000000	0.072219698602360	-28.614145819771
690.77000000000	0.080263261746365	-22.310346602933
691.38000000000	0.091650028971450	-20.256816157305
691.99000000000	0.10370602556039	-21.370494164967
692.60000000000	0.11490384487113	-24.346741609790
693.21000000000	0.12462957938631	-28.229399620005
693.82000000000	0.13293342498082	-32.405777458527
694.43000000000	0.14034075872317	-36.549574062190
695.04000000000	0.14759945210971	-40.598177326243
695.65000000000	0.15530312682493	-44.702389295289
696.26000000000	0.16354091927136	-49.085523189838
696.87000000000	0.17186572787237	-53.865346583829
697.48000000000	0.17964614558955	-58.977166537338
698.09000000000	0.18648879511431	-64.237416982077
698.70000000000	0.19242486952858	-69.455613882255
699.31000000000	0.19784873907278	-74.514142074644
699.92000000000	0.20332289138278	-79.404059888104
700.53000000000	0.20932071286182	-84.218485965959
701.14000000000	0.21600945751433	-89.097239378925
701.75000000000	0.22321886345211	-94.150918945338
702.36000000000	0.23059261831832	-99.421916393153
702.97000000000	0.23773638467065	-104.88508850534
703.58000000000	0.24445200901517	-110.46967544070
704.19000000000	0.25069530793869	-116.12931428288
704.80000000000	0.25645759537947	-121.82647242250
705.41000000000	0.26178288199664	-127.53383072611
706.02000000000	0.26673718534898	-133.23575912262
706.63000000000	0.27138771876023	-138.92517768783
707.24000000000	0.27579287328982	-144.60013044855
707.85000000000	0.27999639226302	-150.26170386493
708.46000000000	0.28403134054541	-155.91308612104
709.07000000000	0.28792347652907	-161.55769244343
709.68000000000	0.29169033285589	-167.19870336305
710.29000000000	0.29534258024706	-172.83896903725
710.90000000000	0.29888646355397	-178.48057850134
711.51000000000	0.30232945613327	175.87520611290
712.12000000000	0.30568509194447	170.22654184134
712.73000000000	0.30896583561244	164.56902969120
713.34000000000	0.31216527501093	158.89635893180
713.95000000000	0.31525138689317	153.20432515920
714.56000000000	0.31818437460511	147.49389859820
715.17000000000	0.32093987659693	141.76977938112
715.78000000000	0.32351439353583	136.03684934353
716.39000000000	0.32591676502802	130.29820451826
717.00000000000	0.32815952786317	124.55501539325
717.61000000000	0.33025452149449	118.80698276004
718.22000000000	0.33221151150215	113.05283855117
718.83000000000	0.33403854579282	107.29100070493
719.44000000000	0.33574132662414	101.52070428041
720.05000000000	0.33731702896137	95.742672128989
720.66000000000	0.33875241914446	89.955547775898
721.27000000000	0.34004244997128	84.153718605593
721.88000000000	0.34104086979296	78.322024617779
722.49000000000	0.34179819492265	72.497903010658
723.10000000000	0.34236252569931	66.659936518765
723.71000000000	0.34269287584167	60.806190471928
724.32000000000	0.34268594028129	54.940113681748
724.93000000000	0.34239582810056	49.075387635540
725.54000000000	0.34176966045151	43.204707045041
726.15000000000	0.34079391619425	37.359263149391
726.76000000000	0.33961774590674	31.513042883628
727.37000000000	0.33808776318961	25.674532416229
727.98000000000	0.33622631397336	19.854459025695
728.59000000000	0.33404705853776	14.058393886930
729.20000000000	0.33156150098784	8.2917579030989
729.81000000000	0.32878250922599	2.5602021581906
730.42000000000	0.32572502830688	-3.1302686538461
731.03000000000	0.32240695483151	-8.7730833111966
731.64000000000	0.31885106303422	-14.361058342080
732.25000000000	0.31508608412503	-19.886546993441
732.86000000000	0.31114693086280	-25.341447213321
733.47000000000	0.30707499743588	-30.717203820937
734.08000000000	0.30291951699155	-36.005052577549
734.69000000000	0.29873937265227	-41.196063613853
735.30000000000	0.29460021709610	-46.281629066943
735.91000000000	0.29057761043718	-51.255351042561
736.52000000000	0.28676254945102	-56.112977738827
737.13000000000	0.28325594955000	-60.852821362902
737.74000000000	0.28016498731348	-65.477289436526
738.35000000000	0.27760005289924	-69.994111621016
738.96000000000	0.27567008110561	-74.417208090689
739.57000000000	0.27447652763057	-78.767116293776
740.18000000000	0.27410642231540	-83.070833249946
740.79000000000	0.27462506610817	-87.361185131143
741.40000000000	0.27607304227671	-91.676004222684
742.01000000000	0.27846871371860	-96.054635999333
742.62000000000	0.28179281214717	-100.53454593234
743.23000000000	0.28598721026991	-105.15183611410
743.84000000000	0.29096232367191	-109.93889491721
744.45000000000	0.29659787102071	-114.92227399695
745.06000000000	0.30274685812983	-120.12159739823
745.67000000000	0.30924537815358	-125.55021515345
746.28000000000	0.31590824724608	-131.21904701891
746.89000000000	0.32248987641020	-137.13431368417
747.50000000000	0.32870678800342	-143.28797668538
748.11000000000	0.33430108603390	-149.65976117540
748.72000000000	0.33901143231271	-156.22251129847
749.33000000000	0.34265721574342	-162.94269293866
749.94000000000	0.34502193123859	-169.80419437936
750.55000000000	0.34602184884972	-176.73630080397
751.16000000000	0.34558709835422	176.26559997328
751.77000000000	0.34359045585195	169.28114226689
752.38000000000	0.34034694426972	162.33299736607
752.99000000000	0.33597867331489	155.45602433932
753.60000000000	0.33067003201671	148.67599272431
754.21000000000	0.32463252707422	142.00995667119
754.82000000000	0.31807979849639	135.46651472005
755.43000000000	0.31121029776795	129.04645772081
756.04000000000	0.30419607872135	122.74367219678
756.65000000000	0.29717600415420	116.54618718370
757.26000000000	0.29025071779937	110.43740663681
757.87000000000	0.28347796729497	104.39756443210
758.48000000000	0.27686875540459	98.404517333963
759.09000000000	0.27038937599804	92.432948718075
759.70000000000	0.26397602757650	86.454620255931
760.31000000000	0.25754470466831	80.443412122252
760.92000000000	0.25098069229934	74.381101741193
761.53000000000	0.24413325829208	68.260677099148
762.14000000000	0.23682349075579	62.091720991589
762.75000000000	0.22886892471546	55.902530549353
763.36000000000	0.22014336103794	49.750094599101
763.97000000000	0.21061822136237	43.722777102023
764.58000000000	0.20042429819403	37.931573915442
765.19000000000	0.18989150442319	32.495332847291
765.80000000000	0.17950608956482	27.509405057099
766.41000000000	0.16977094217190	23.008286504414
767.02000000000	0.16104332829500	18.943224951713
767.63000000000	0.15346872378536	15.213336255264
768.24000000000	0.14702945259782	11.706518628057
768.85000000000	0.14159159253134	8.3235426804419
769.46000000000	0.13698233226944	5.0031722493229
770.07000000000	0.13308454336794	1.7030933409998
770.68000000000	0.12978716967567	-1.6162757200214
771.29000000000	0.12697989423178	-4.9871124425237
771.90000000000	0.12455064011891	-8.4310191325707
772.51000000000	0.12239406862617	-11.955381092234
773.12000000000	0.12042314827343	-15.554463966496
773.73000000000	0.11857531005122	-19.216436845853
774.34000000000	0.11678107284475	-22.942861481945
774.95000000000	0.11503085136535	-26.568846009847
775.56000000000	0.11348603351583	-30.316042675871
776.17000000000	0.11194665356572	-34.056568688180
776.78000000000	0.11046911631980	-37.788483219211
777.39000000000	0.10905671070052	-41.504556529609
778.00000000000	0.10771915963398	-45.188867577622
778.61000000000	0.10649420214617	-48.821924269844
779.22000000000	0.10545967670031	-52.394927590847
779.83000000000	0.10471895074207	-55.933845830074
780.44000000000	0.10434037139542	-59.492498334006
781.05000000000	0.10441221755331	-63.181223920669
781.66000000000	0.10481374804050	-67.148795964580
782.27000000000	0.10529873528604	-71.490017889566
782.88000000000	0.10553348146664	-76.226815087837
783.49000000000	0.10518221883518	-81.288886153757
784.10000000000	0.10400693097626	-86.527063154292
784.71000000000	0.10193415906999	-91.748686866229
785.32000000000	0.099063752335865	-96.759298682431
785.93000000000	0.095624133024321	-101.39680531690
786.54000000000	0.091902595029270	-105.55072718288
787.15000000000	0.088182227386252	-109.16674460905
787.76000000000	0.084702626174858	-112.24153071032
788.37000000000	0.081644913959804	-114.81343788620
788.98000000000	0.079132919430907	-116.95258504739
789.59000000000	0.077241732372834	-118.75157315713
790.20000000000	0.076007845824840	-120.31672961905
790.81000000000	0.075438245522735	-121.75959027845
791.42000000000	0.075517786428964	-123.18879198815
792.03000000000	0.076215029031037	-124.70305629462
792.64000000000	0.077486852038486	-126.38607235078
793.25000000000	0.079282030217148	-128.30376509551
793.86000000000	0.081543849963215	-130.50388286376
794.47000000000	0.084211714417595	-133.01713623042
795.08000000000	0.087220341293105	-135.86035989625
795.69000000000	0.090504650901565	-139.03865777490
796.30000000000	0.093995140287864	-142.54631689266
796.91000000000	0.097623055814743	-146.37112874198
797.52000000000	0.10132440473090	-150.50050687282
798.13000000000	0.10501738586482	-154.93137746819
798.74000000000	0.10857133443901	-159.64374133552
799.35000000000	0.11187609349793	-164.59145099226
799.96000000000	0.11484229855287	-169.73590850794
800.57000000000	0.11736820088742	-175.04075858246
801.18000000000	0.11934675517205	179.53728383862
801.79000000000	0.12067727812469	174.05394028928
802.40000000000	0.12127555829491	168.58150606345
803.01000000000	0.12109178512741	163.21160249688
803.62000000000	0.12013682235813	158.05889079866
804.23000000000	0.11850155934481	153.25747622091
804.84000000000	0.11639807324852	148.94455403665
805.45000000000	0.11416734014649	145.24524789495
806.06000000000	0.11224538225880	142.22957092875
806.67000000000	0.11114302574928	139.86544131410
807.28000000000	0.11137057867384	138.00030535886
807.89000000000	0.11333406152983	136.34987797385
808.50000000000	0.11721112817669	134.53122746264
809.11000000000	0.12285249810411	132.18278642802
809.72000000000	0.12977596035848	129.07454002552
810.33000000000	0.13727143362452	125.17369490910
810.94000000000	0.14460428109230	120.62831789093
811.55000000000	0.15123176951868	115.69963851190
812.16000000000	0.15697306379882	110.68201704973
812.77000000000	0.16209219056908	105.82298226835
813.38000000000	0.16724302111259	101.24476660110
813.99000000000	0.17323881735239	96.892379262407
814.60000000000	0.18071120894698	92.553338547614
815.21000000000	0.18984034389683	87.961073979778
815.82000000000	0.20032332948417	82.917499018771
816.43000000000	0.21156468815462	77.353988352040
817.04000000000	0.22298469028480	71.297731211329
817.65000000000	0.23388713386229	64.835881580895
818.26000000000	0.24395584185145	58.106863642175
818.87000000000	0.25299366837772	51.201275672760
819.48000000000	0.26090666233695	44.201457016926
820.09000000000	0.26769799428923	37.171023174070
820.70000000000	0.27343521943421	30.155435401032
821.31000000000	0.27822108717586	23.184559286674
821.92000000000	0.28216980927960	16.276213916205
822.53000000000	0.28539231430733	9.4399199549550
823.14000000000	0.28798985245600	2.6799267163055
823.75000000000	0.29005219753164	-4.0027582199016
824.36000000000	0.29165732858417	-10.609061739928
824.97000000000	0.29287100481093	-17.140963177010
825.58000000000	0.29374707411649	-23.601686403436
826.19000000000	0.29435392794332	-29.993604524974
826.80000000000	0.29472556098759	-36.311490171903
827.41000000000	0.29489862343427	-42.555527858634
828.02000000000	0.29493747529906	-48.720716923235
828.63000000000	0.29493453569399	-54.799351456794
829.24000000000	0.29503535354596	-60.785006952527
829.85000000000	0.29545667006752	-66.680971211264
830.46000000000	0.29647024787406	-72.514270061416
831.07000000000	0.29831284396548	-78.348441379130
831.68000000000	0.30102628880733	-84.277475747154
832.29000000000	0.30434643395951	-90.389503299355
832.90000000000	0.30778987812151	-96.723713846416
833.51000000000	0.31089010600437	-103.26132545009
834.12000000000	0.31336753928625	-109.95325047551
834.73000000000	0.31513555961710	-116.75174155143
835.34000000000	0.31621893277881	-123.62516629324
835.95000000000	0.31667660753675	-130.55846208884
836.56000000000	0.31655897387710	-137.54829209273
837.17000000000	0.31589208221620	-144.59820987823
837.78000000000	0.31467534732587	-151.71532371209
838.39000000000	0.31288407186054	-158.90831652972
839.00000000000	0.31047286685941	-166.18633237396
839.61000000000	0.30737868999602	-173.55832124705
840.22000000000	0.30352338725744	178.96742282078
840.83000000000	0.29881605730697	171.38368773113
841.44000000000	0.29315568377304	163.68482386152
842.05000000000	0.28643448325236	155.86733154066
842.66000000000	0.27854235720457	147.93058612290
843.27000000000	0.26937272331734	139.87771824482
843.88000000000	0.25882983364510	131.71665840893
844.49000000000	0.24683747098117	123.46135440077
845.10000000000	0.23334865579749	115.13319654434
845.71000000000	0.21835563093266	106.76277823936
846.32000000000	0.20189883793614	98.392313601800
846.93000000000	0.18407306700823	90.079375177395
847.54000000000	0.16502900808888	81.903314114023
848.15000000000	0.14496952145816	73.977456443230
848.76000000000	0.12414229368256	66.474808635439
849.37000000000	0.10283481093692	59.688090833318
849.98000000000	0.081388614636321	54.185996684675
850.59000000000	0.060289048122937	51.279668827259
851.20000000000	0.040572281206071	54.662070739368
851.81000000000	0.025823616994807	75.627011987370
852.42000000000	0.026066969879079	116.89392770725
853.03000000000	0.040469526191718	136.55933817983
853.64000000000	0.058812076114079	139.35984635695
854.25000000000	0.077567305871179	136.16774607721
854.86000000000	0.095636608800219	130.55778616492
855.47000000000	0.11252964558739	123.85089466032
856.08000000000	0.12801707930601	116.64140288862
856.69000000000	0.14203799325789	109.23139021255
857.30000000000	0.15464461339879	101.78072793991
857.91000000000	0.16595303294049	94.371801299324
858.52000000000	0.17610449112823	87.043738493214
859.13000000000	0.18524314953318	79.812447924601
859.74000000000	0.19350920538971	72.681644162518
860.35000000000	0.20103981570990	65.647530840260
860.96000000000	0.20797012582797	58.699955306707
861.57000000000	0.21443081134587	51.822509464457
862.18000000000	0.22053754214059	44.992647741521
862.79000000000	0.22637028209716	38.182201173722
863.40000000000	0.23195777776695	31.359739282176
864.01000000000	0.23727601309981	24.495312278310
864.62000000000	0.24225217234984	17.564975954626
865.23000000000	0.24677118904271	10.553780364118
865.84000000000	0.25068671108550	3.4577693278504
866.45000000000	0.25383740321378	-3.7147195765665
867.06000000000	0.25606808844697	-10.942619558815
867.67000000000	0.25725377817179	-18.192805774512
868.28000000000	0.25732333834171	-25.421997074083
868.89000000000	0.25627901716853	-32.579835422847
869.50000000000	0.25420878161568	-39.612969629804
870.11000000000	0.25129012382948	-46.470029759654
870.72000000000	0.24778554376375	-53.107680527430
871.33000000000	0.24402958953220	-59.498352194633
871.94000000000	0.24040381653267	-65.640232481040
872.55000000000	0.23729027838434	-71.568517490750
873.16000000000	0.23499348692344	-77.362561569541
873.77000000000	0.23364029752632	-83.138430437098
874.38000000000	0.23310939053936	-89.019505422570
874.99000000000	0.23306005830684	-95.095933498712
875.60000000000	0.23306657394832	-101.40004594317
876.21000000000	0.23277021171366	-107.91366505659
876.82000000000	0.23195434264926	-114.59556608365
877.43000000000	0.23052791493566	-121.40681111949
878.04000000000	0.22846480801942	-128.32254985503
878.65000000000	0.22574683464650	-135.33171558429
879.26000000000	0.22233108200830	-142.43044258856
879.87000000000	0.21814244727109	-149.61376906923
880.48000000000	0.21308552882077	-156.86801779016
881.09000000000	0.20706948668376	-164.16503388555
881.70000000000	0.20003928072182	-171.45909274255
882.31000000000	0.19200532426045	-178.68713845495
882.92000000000	0.18306258270659	174.22741407769
883.53000000000	0.17339192283047	167.36789540197
884.14000000000	0.16324196826759	160.81609622595
884.75000000000	0.15289675891470	154.64442886638
885.36000000000	0.14263927781296	148.91020340413
885.97000000000	0.13272086754193	143.65280528799
886.58000000000	0.12334246570876	138.89356776858
887.19000000000	0.11464840975323	134.63747798891
887.80000000000	0.10672991760103	130.87569113869
888.41000000000	0.099634085048089	127.58802973614
889.02000000000	0.093374743616339	124.74499799463
889.63000000000	0.087942761018755	122.30917772280
890.24000000000	0.083314583686241	120.23611523525
890.85000000000	0.079458692055781	118.47494372841
891.46000000000	0.076340135462801	116.96902223857
892.07000000000	0.073923529392745	115.65682395808
892.68000000000	0.072174947451686	114.47319137345
893.29000000000	0.071063112407511	113.35093385493
893.90000000000	0.070560211883457	112.22264396565
894.51000000000	0.070642485187990	111.02256959439
895.12000000000	0.071290499292859	109.68829212968
895.73000000000	0.072489001944222	108.16186817006
896.34000000000	0.074226336057425	106.39025081451
896.95000000000	0.076493290914620	104.32508381209
897.56000000000	0.079281077700377	101.92206651843
898.17000000000	0.082578068781410	99.140117479210
898.78000000000	0.086364919110445	95.940675552049
899.39000000000	0.090607408794493	92.287639438088
900.00000000000	0.095244485755441	88.148685634309
#
#"Frequency / GHz"	"S2,4 [Mag]"	"S2,4 [Pha in deg.]"
#---------------------------------------------------
290.00000000000	0.32910192277942	83.224566540964
290.61000000000	0.33166146787269	78.413200750767
291.22000000000	0.33405328242453	73.539675970926
291.83000000000	0.33625305390170	68.610568232311
292.44000000000	0.33824278949535	63.632147194929
293.05000000000	0.34000994042487	58.610197283342
293.66000000000	0.34154609436377	53.549921317543
294.27000000000	0.34284548781549	48.455981562361
294.88000000000	0.34390401557842	43.332704625193
295.49000000000	0.34471967339410	38.184358364689
296.10000000000	0.34529469020801	33.015246465427
296.71000000000	0.34563784694617	27.829381821068
297.32000000000	0.34576448428011	22.629840846040
297.93000000000	0.34569337817077	17.418238950689
298.54000000000	0.34544231571749	12.194655041139
299.15000000000	0.34502467631889	6.9579383730206
299.76000000000	0.34444778661674	1.7061354751682
300.37000000000	0.34371252363279	-3.5631409587098
300.98000000000	0.34281343648023	-8.8524361844792
301.59000000000	0.34173898901464	-14.164235627570
302.20000000000	0.34047183982104	-19.500764618682
302.81000000000	0.33898922808431	-24.863781748404
303.42000000000	0.33726357337066	-30.254358618147
304.03000000000	0.33526338593677	-35.672650337026
304.64000000000	0.33295455251519	-41.117668672124
305.25000000000	0.33030201939823	-46.587074849971
305.86000000000	0.32727184115017	-52.077012212705
306.47000000000	0.32383350128807	-57.581999958243
307.08000000000	0.31996234703926	-63.094907344381
307.69000000000	0.31564192516437	-68.607022418851
308.30000000000	0.31086597433348	-74.108220507504
308.91000000000	0.30563983515053	-79.587226189156
309.52000000000	0.29998108893013	-85.031950079745
310.13000000000	0.29391932733768	-90.429870866014
310.74000000000	0.28749507168906	-95.768426143726
311.35000000000	0.28075797897618	-101.03537450813
311.96000000000	0.27376456562132	-106.21909651813
312.57000000000	0.26657572991142	-111.30881264339
313.18000000000	0.25925435242132	-116.29470996968
313.79000000000	0.25186320621025	-121.16798362673
314.40000000000	0.24446333082627	-125.92081116927
315.01000000000	0.23711293582278	-130.54628679419
315.62000000000	0.22986681828479	-135.03834657721
316.23000000000	0.22277621676098	-139.39171596393
316.84000000000	0.21588898614662	-143.60190718898
317.45000000000	0.20924996384846	-147.66528795231
318.06000000000	0.20290140271557	-151.57923432314
318.67000000000	0.19688336494722	-155.34237106632
319.28000000000	0.19123399775627	-158.95489184705
319.89000000000	0.18598964117021	-162.41894051813
320.50000000000	0.18118474739657	-165.73902356958
321.11000000000	0.17685161718061	-168.92241384851
321.72000000000	0.17301997987669	-171.97949833757
322.33000000000	0.16971645936224	-174.92401999661
322.94000000000	0.16696397647911	-177.77316731271
323.55000000000	0.16478113952596	179.45252349263
324.16000000000	0.16318166682114	176.72946989058
324.77000000000	0.16217386950340	174.03154042875
325.38000000000	0.16176019967529	171.33071552175
325.99000000000	0.16193684143933	168.59785883859
326.60000000000	0.16269329469493	165.80353598899
327.21000000000	0.16401187944251	162.91881953360
327.82000000000	0.16586707807866	159.91603424596
328.43000000000	0.16822464103661	156.76942046294
329.04000000000	0.17104041289965	153.45572044018
329.65000000000	0.17425889674443	149.95471635069
330.26000000000	0.17781166725268	146.24976313523
330.87000000000	0.18161586735847	142.32836053985
331.48000000000	0.18557316944877	138.18279381376
332.09000000000	0.18956972539894	133.81084111042
332.70000000000	0.19347772280638	129.21649980099
333.31000000000	0.19715913847838	124.41063015670
333.92000000000	0.20047205879154	119.41136558198
334.53000000000	0.20327947562978	114.24411203536
335.14000000000	0.20545980643152	108.94097548463
335.75000000000	0.20691769170327	103.53952809437
336.36000000000	0.20759316076811	98.080946064481
336.97000000000	0.20746729008377	92.607695262442
337.58000000000	0.20656311009894	87.161058223780
338.19000000000	0.20494158344757	81.778843398324
338.80000000000	0.20269359983644	76.493575636231
339.41000000000	0.19992970647208	71.331352594854
340.02000000000	0.19676949416662	66.311408113010
340.63000000000	0.19333222990188	61.446297616625
341.24000000000	0.18972969755746	56.742542701767
341.85000000000	0.18606154848073	52.201548604291
342.46000000000	0.18241295886854	47.820627204253
343.07000000000	0.17885410731437	43.593999942140
343.68000000000	0.17544089610604	39.513701592965
344.29000000000	0.17221637341404	35.570344675802
344.90000000000	0.16921239703361	31.753726110611
345.51000000000	0.16645116649865	28.053248442625
346.12000000000	0.16394637956712	24.458054643816
346.73000000000	0.16170429840534	20.956607612127
347.34000000000	0.15972689975513	17.535484325106
347.95000000000	0.15802115307286	14.178908286633
348.56000000000	0.15660753599767	10.873275795854
349.17000000000	0.15550604568808	7.6127607434973
349.78000000000	0.15471819026058	4.3946441517324
350.39000000000	0.15423547589940	1.2128626874858
351.00000000000	0.15405181787630	-1.9415194297711
351.61000000000	0.15416580617107	-5.0781352903020
352.22000000000	0.15457921416097	-8.2064177051277
352.83000000000	0.15529577275224	-11.335503068231
353.44000000000	0.15632059570971	-14.474355813874
354.05000000000	0.15765993755098	-17.631913511033
354.66000000000	0.15932105806204	-20.817211759684
355.27000000000	0.16131208227136	-24.039487948381
355.88000000000	0.16364179873938	-27.308268230543
356.49000000000	0.16631935703978	-30.633439989193
357.10000000000	0.16935382697866	-34.025309059802
357.71000000000	0.17275357669250	-37.494638115529
358.32000000000	0.17652541864183	-41.052659784342
358.93000000000	0.18067346462805	-44.711055007118
359.54000000000	0.18519762669897	-48.481883636159
360.15000000000	0.19009170509552	-52.377450167792
360.76000000000	0.19534102428505	-56.410082809895
361.37000000000	0.20091962287726	-60.591799210066
361.98000000000	0.20678708344364	-64.933828338117
362.59000000000	0.21288521379202	-69.445957819578
363.20000000000	0.21913496682813	-74.135683721530
363.81000000000	0.22543420363305	-79.007160853258
364.42000000000	0.23165713024224	-84.059990898084
365.03000000000	0.23765639882560	-89.287944210277
365.64000000000	0.24326883749192	-94.677782351692
366.25000000000	0.24832541460411	-100.20841521480
366.86000000000	0.25266525619916	-105.85066126014
367.47000000000	0.25615238216368	-111.56785070877
368.08000000000	0.25869261986719	-117.31739950436
368.69000000000	0.26024741101227	-123.05329635567
369.30000000000	0.26084144130125	-128.72923523571
369.91000000000	0.26056233657803	-134.30196639383
370.52000000000	0.25955271576048	-139.73439694546
371.13000000000	0.25799703845672	-144.99807715249
371.74000000000	0.25610791365631	-150.07500239931
372.35000000000	0.25412301677051	-154.95987334098
372.96000000000	0.25236994090298	-159.68290944193
373.57000000000	0.24971326549330	-164.34202654876
374.18000000000	0.24845279486041	-168.54529900296
374.79000000000	0.24771202026536	-172.75106370567
375.40000000000	0.24752174232921	-176.87430129551
376.01000000000	0.24797503002511	179.05858930029
376.62000000000	0.24910486112045	175.01290733378
377.23000000000	0.25090583694853	170.95448789344
377.84000000000	0.25334277007190	166.85271562962
378.45000000000	0.25635745978509	162.68230242623
379.06000000000	0.25987565867329	158.42423690629
379.67000000000	0.26381422732146	154.06595231454
380.28000000000	0.26808788829930	149.60080261268
380.89000000000	0.27261487197333	145.02702698516
381.50000000000	0.27732089845912	140.34643882403
382.11000000000	0.28214123982648	135.56307443870
382.72000000000	0.28702092536726	130.68198876282
383.33000000000	0.29191339417600	125.70831599148
383.94000000000	0.29677803214142	120.64664690088
384.55000000000	0.30157707315829	115.50072435945
385.16000000000	0.30627232979979	110.27342596623
385.77000000000	0.31082217351822	104.96698447278
386.38000000000	0.31517912684645	99.583388389822
386.99000000000	0.31928837116253	94.124903014393
387.60000000000	0.32308741579847	88.594652610667
388.21000000000	0.32650710988011	82.997205131834
388.82000000000	0.32947409174788	77.339100660895
389.43000000000	0.33191464572548	71.629264430548
390.04000000000	0.33375976485004	65.879247170146
390.65000000000	0.33495101189218	60.103242744172
391.26000000000	0.33544656431638	54.317848335542
391.87000000000	0.33522667672416	48.541556775252
392.48000000000	0.33429775683640	42.794002169575
393.09000000000	0.33269436947550	37.095013819133
393.70000000000	0.33047875678841	31.463562668743
394.31000000000	0.32773784068957	25.916702448062
394.92000000000	0.32457806580383	20.468610081438
395.53000000000	0.32111875212593	15.129816688783
396.14000000000	0.31748478866636	9.9066952179750
396.75000000000	0.31379949449277	4.8012392535823
397.36000000000	0.31017833171907	-0.18886436295753
397.97000000000	0.30672393425502	-5.0698945696697
398.58000000000	0.30352267766907	-9.8515343004080
399.19000000000	0.30064280508772	-14.546150582990
399.80000000000	0.29813396546518	-19.167987264314
400.41000000000	0.29602791895450	-23.732341863557
401.02000000000	0.29434011356873	-28.254791601735
401.63000000000	0.29307182774151	-32.750520770204
402.24000000000	0.29221259448107	-37.233784095222
402.85000000000	0.29174266527422	-41.717521359741
403.46000000000	0.29163532730106	-46.213120310249
404.07000000000	0.29185894803975	-50.730310405590
404.68000000000	0.29237867997124	-55.277160795657
405.29000000000	0.29315780922469	-59.860152324137
405.90000000000	0.29415877195969	-64.484294535694
406.51000000000	0.29534388947385	-69.153263207936
407.12000000000	0.29667588772449	-73.869540239999
407.73000000000	0.29811827073075	-78.634544426601
408.34000000000	0.29963561244093	-83.448747725207
408.95000000000	0.30119382056375	-88.311776488110
409.56000000000	0.30276041090104	-93.222500533851
410.17000000000	0.30430481396624	-98.179114871197
410.78000000000	0.30579871894935	-103.17921952246
411.39000000000	0.30721644496829	-108.21990246410
412.00000000000	0.30853531734828	-113.29782949894
412.61000000000	0.30973601839057	-118.40934319272
413.22000000000	0.31080287832843	-123.55057113228
413.83000000000	0.31172407303689	-128.71754194551
414.44000000000	0.31249170018737	-133.90630596869
415.05000000000	0.31310171406940	-139.11305630287
415.66000000000	0.31355371001983	-144.33424535393
416.27000000000	0.31385056087428	-149.56669182074
416.88000000000	0.31399791864384	-154.80767344341
417.49000000000	0.31400360348787	-160.05500155053
418.10000000000	0.31387690817260	-165.30707441997
418.71000000000	0.31362784924656	-170.56290754093
419.32000000000	0.31326639632018	-175.82213989595
419.93000000000	0.31280170871556	178.91498374005
420.54000000000	0.31224140522982	173.64765383115
421.15000000000	0.31159088878269	168.37455937653
421.76000000000	0.31085274418741	163.09397221707
422.37000000000	0.31002622488190	157.80385107572
422.98000000000	0.30910684362414	152.50196411908
423.59000000000	0.30808608302848	147.18602888040
424.20000000000	0.30695124421931	141.85386832020
424.81000000000	0.30568545529477	136.50358151119
425.42000000000	0.30426786486182	131.13372681981
426.03000000000	0.30267404839170	125.74351443274
426.64000000000	0.30087665498214	120.33300359840
427.25000000000	0.29884631747513	114.90329803108
427.86000000000	0.29655283793745	109.45673066581
428.47000000000	0.29396664181668	103.99702657517
429.08000000000	0.29106046716743	98.529430730101
429.69000000000	0.28781122138655	93.060785897138
430.30000000000	0.28420190034113	87.599545887669
430.91000000000	0.28022342953395	82.155711160671
431.52000000000	0.27587626189694	76.740677795071
432.13000000000	0.27117156031672	71.366997105525
432.74000000000	0.26613181168448	66.048051196341
433.35000000000	0.26079076539239	60.797658527176
433.96000000000	0.25519265880911	55.629631694523
434.57000000000	0.24939077493750	50.557315592661
435.18000000000	0.24344545826684	45.593136648834
435.79000000000	0.23742177812598	40.748192291761
436.40000000000	0.23138706257391	36.031904394418
437.01000000000	0.22540852487846	31.451752108026
437.62000000000	0.21955117170249	27.013089794726
438.23000000000	0.21387612647790	22.719046359772
438.84000000000	0.20843943563527	18.570494663052
439.45000000000	0.20329136166893	14.566074868043
440.06000000000	0.19847611479853	10.702253999866
440.67000000000	0.19403193937962	6.9734055201264
441.28000000000	0.18999145328616	3.3718968335900
441.89000000000	0.18638213628373	-0.11182153521538
442.50000000000	0.18322687329165	-3.4891248591899
443.11000000000	0.18054447623449	-6.7731149313931
443.72000000000	0.17835012998790	-9.9785017965449
444.33000000000	0.17665573040458	-13.121453664717
444.94000000000	0.17547010289976	-16.219403228833
445.55000000000	0.17479910653282	-19.290802804752
446.16000000000	0.17464563947375	-22.354827462397
446.77000000000	0.17500956633900	-25.431033346030
447.38000000000	0.17588758593928	-28.538985937990
447.99000000000	0.17727304993448	-31.697878272914
448.60000000000	0.17915572944241	-34.926160725137
449.21000000000	0.18152150815342	-38.241201860156
449.82000000000	0.18435195706390	-41.658996124606
450.43000000000	0.18762372330542	-45.193934743269
451.04000000000	0.19130768122856	-48.858669522492
451.65000000000	0.19536796504416	-52.664116041013
452.26000000000	0.19976141923174	-56.619578853837
452.87000000000	0.20443807662026	-60.732733669875
453.48000000000	0.20934185339874	-65.009112181448
454.09000000000	0.21440958228523	-69.451363679019
454.70000000000	0.21956898455328	-74.058960549436
455.31000000000	0.22473805373142	-78.828297998730
455.92000000000	0.22982651058853	-83.752735247635
456.53000000000	0.23473861701098	-88.822482906220
457.14000000000	0.23937692411485	-94.024491614739
457.75000000000	0.24364685342713	-99.342481355008
458.36000000000	0.24746191547273	-104.75718437587
458.97000000000	0.25074912673843	-110.24682849638
459.58000000000	0.25345399315519	-115.78785097364
460.19000000000	0.25554437037510	-121.35579726638
460.80000000000	0.25701261762996	-126.92632702131
461.41000000000	0.25787571569336	-132.47622918815
462.02000000000	0.25817335696531	-137.98434542954
462.63000000000	0.25796434570195	-143.43231701860
463.24000000000	0.25732188323162	-148.80510072344
463.85000000000	0.25632840738314	-154.09123559067
464.46000000000	0.25507060726998	-159.28287634817
465.07000000000	0.25363508409923	-164.37563393584
465.68000000000	0.25210493353372	-169.36827671466
466.29000000000	0.25055733797936	-174.26234792768
466.90000000000	0.24906211188810	-179.06174890680
467.51000000000	0.24768105224854	176.22767305585
468.12000000000	0.24646790597874	171.59850514087
468.73000000000	0.24546876330931	167.04210170672
469.34000000000	0.24472270675713	162.54886217830
469.95000000000	0.24426257628859	158.10845358385
470.56000000000	0.24411574379070	153.70998155449
471.17000000000	0.24430481872164	149.34211619391
471.78000000000	0.24484822940622	144.99318057729
472.39000000000	0.24576064040937	140.65121022633
473.00000000000	0.24705317641960	136.30399212378
473.61000000000	0.24873342833631	131.93909197400
474.22000000000	0.25080521930132	127.54387869746
474.83000000000	0.25326810897948	123.10555570053
475.44000000000	0.25611661549380	118.61120935048
476.05000000000	0.25933913852510	114.04788629048
476.66000000000	0.26291657730160	109.40271262853
477.27000000000	0.26682065739542	104.66306935644
477.88000000000	0.27101201490929	99.816839123646
478.49000000000	0.27543814030305	94.852738959958
479.10000000000	0.28003135986485	89.760750657865
479.71000000000	0.28470712968247	84.532653969631
480.32000000000	0.28936302585826	79.162656160746
480.93000000000	0.29387891385973	73.648093800767
481.54000000000	0.29811883147149	67.990159152080
482.15000000000	0.30193507183397	62.194576521105
482.76000000000	0.30517475157427	56.272128944277
483.37000000000	0.30768876369592	50.238921232183
483.98000000000	0.30934247343451	44.116271844596
484.59000000000	0.31002693016322	37.930161183702
485.20000000000	0.30966892928649	31.710228137360
485.81000000000	0.30823817096234	25.488389277597
486.42000000000	0.30575014865338	19.297234661130
487.03000000000	0.30226420802175	13.168405644810
487.64000000000	0.29787721155969	7.1311654653352
488.25000000000	0.29271410496297	1.2113300958819
488.86000000000	0.28691714691434	-4.5693506021754
489.47000000000	0.28063554599506	-10.193359159070
490.08000000000	0.27401684146158	-15.647196949531
490.69000000000	0.26720076811698	-20.920912048444
491.30000000000	0.26031575904474	-26.007509172303
491.91000000000	0.25347779212736	-30.902378372903
492.52000000000	0.24679101864098	-35.602859940536
493.13000000000	0.24034950355682	-40.108035076771
493.74000000000	0.23423941028923	-44.418797922148
494.35000000000	0.22854103378981	-48.538223551336
494.96000000000	0.22333019924180	-52.472196476390
495.57000000000	0.21867869150310	-56.230205402627
496.18000000000	0.21465356404827	-59.826149222637
496.79000000000	0.21131539143935	-63.278951928013
497.40000000000	0.20871575433631	-66.612772280275
498.01000000000	0.20689443640153	-69.856637963179
498.62000000000	0.20587691131162	-73.043438898147
499.23000000000	0.20567266010737	-76.208360020905
499.84000000000	0.20627467814428	-79.386975026482
500.45000000000	0.20766025373402	-82.613307401037
501.06000000000	0.20979281350468	-85.918160971537
501.67000000000	0.21262442191865	-89.327934071841
502.28000000000	0.21609844824532	-92.863997870339
502.89000000000	0.22015197443856	-96.542590833859
503.50000000000	0.22471766959126	-100.37509544513
504.11000000000	0.22972504208490	-104.36853298308
504.72000000000	0.23510114857182	-108.52612842285
505.33000000000	0.24077095908880	-112.84784079976
505.94000000000	0.24665763880850	-117.33080541195
506.55000000000	0.25268301018417	-121.96967956441
507.16000000000	0.25876841080539	-126.75691629556
507.77000000000	0.26483607089671	-131.68300854776
508.38000000000	0.27081101240688	-136.73675008316
508.99000000000	0.27662333767738	-141.90555105135
509.60000000000	0.28221065547013	-147.17582849503
510.21000000000	0.28752031491499	-152.53346936943
510.82000000000	0.29251110817162	-157.96434096777
511.43000000000	0.29715416987876	-163.45480633679
512.04000000000	0.30143293371716	-168.99219461458
512.65000000000	0.30534217103033	-174.56518010962
513.26000000000	0.30888629018410	179.83596186402
513.87000000000	0.31207717903515	174.21923386527
514.48000000000	0.31493190427548	168.59091995877
515.09000000000	0.31747054080939	162.95568684837
515.70000000000	0.31971431183711	157.31674535229
516.31000000000	0.32168410741457	151.67603352681
516.92000000000	0.32339934722899	146.03438883656
517.53000000000	0.32487708192441	140.39168871190
518.14000000000	0.32613119015258	134.74695384934
518.75000000000	0.32717152053950	129.09842311805
519.36000000000	0.32800284535279	123.44362019940
519.97000000000	0.32862353363361	117.77943980224
520.58000000000	0.32902391075816	112.10228697507
521.19000000000	0.32918434398483	106.40830830884
521.80000000000	0.32907318231423	100.69375960241
522.41000000000	0.32864479695227	94.955560802595
523.02000000000	0.32783813557419	89.192094084946
523.63000000000	0.32657643731906	83.404300290213
524.24000000000	0.32476905614207	77.597113666926
524.85000000000	0.32231666498321	71.781230641313
525.46000000000	0.31912134726376	65.975115647467
526.07000000000	0.31510302388783	60.206982292898
526.68000000000	0.31022303158380	54.516220355600
527.29000000000	0.30451403750082	48.953322095035
527.90000000000	0.29811196909515	43.576782973122
528.51000000000	0.29127889286292	38.445044224650
529.12000000000	0.28439681986928	33.602589321694
529.73000000000	0.27791174727220	29.063600365570
530.34000000000	0.27223268994815	24.802653900049
530.95000000000	0.26763620300079	20.761696582341
531.56000000000	0.26424056983631	16.870212458488
532.17000000000	0.26205747392174	13.062562686599
532.78000000000	0.26105795974787	9.2809466543955
533.39000000000	0.26119128288185	5.4697320208070
534.00000000000	0.26236142789066	1.5743090419321
534.61000000000	0.26440877977688	-2.4518056646120
535.22000000000	0.26712456913040	-6.6385550833234
535.83000000000	0.27028709356116	-10.996455186109
536.44000000000	0.27369594602340	-15.519829937581
537.05000000000	0.27719118121309	-20.192867883517
537.66000000000	0.28065747781703	-24.995375260546
538.27000000000	0.28401906038665	-29.906825285322
538.88000000000	0.28723098684631	-34.908629000157
539.49000000000	0.29027028457141	-39.985094724296
540.10000000000	0.29312849771784	-45.123595175240
540.71000000000	0.29580603627220	-50.314333432616
541.32000000000	0.29830816166594	-55.549952561266
541.93000000000	0.30064225482564	-60.825122387148
542.54000000000	0.30281600263711	-66.136165694553
543.15000000000	0.30483619935312	-71.480745506697
543.76000000000	0.30670793602513	-76.857614519193
544.37000000000	0.30843401953720	-82.266419088534
544.98000000000	0.31001451459076	-87.707548020659
545.59000000000	0.31144633558423	-93.182017334653
546.20000000000	0.31272283241716	-98.691384073385
546.81000000000	0.31383331762131	-104.23768376360
547.42000000000	0.31476247498641	-109.82338637501
548.03000000000	0.31548957533117	-115.45136381250
548.64000000000	0.31598740734432	-121.12485723226
549.25000000000	0.31622081656216	-126.84742365338
549.86000000000	0.31614474392118	-132.62282684839
550.47000000000	0.31570168537403	-138.45481524038
551.08000000000	0.31481858813607	-144.34669713154
551.69000000000	0.31340341105071	-150.30057938040
552.30000000000	0.31134198778070	-156.31608141404
552.91000000000	0.30849654508677	-162.38828361137
553.52000000000	0.30470832374298	-168.50465056045
554.13000000000	0.29980814732264	-174.64075866783
554.74000000000	0.29363996197620	179.24501345050
555.35000000000	0.28610195931990	173.21692175987
555.96000000000	0.27720552289824	167.36521025954
556.57000000000	0.26714161876417	161.80355537449
557.18000000000	0.25632866340882	156.65593066214
557.79000000000	0.24540482176752	152.03027772154
558.40000000000	0.23513755586552	147.98321861165
559.01000000000	0.22626240544183	144.48986720745
559.62000000000	0.21931182478924	141.43744183590
560.23000000000	0.21451171157020	138.65176911131
560.84000000000	0.21178600674242	135.94518806839
561.45000000000	0.21084717517396	133.16099296968
562.06000000000	0.21131391932870	130.19599918420
562.67000000000	0.21280625827041	127.00006221394
563.28000000000	0.21499919487791	123.56267167821
563.89000000000	0.21764067764878	119.89711764602
564.50000000000	0.22054809007341	116.02787249572
565.11000000000	0.22359560519687	111.98249566219
565.72000000000	0.22669986392622	107.78727085895
566.33000000000	0.22980739621503	103.46530757719
566.94000000000	0.23288482115876	99.036050164741
567.55000000000	0.23591174886424	94.515491031690
568.16000000000	0.23887591528669	89.916674757469
568.77000000000	0.24177002462088	85.250271112014
569.38000000000	0.24458984063285	80.525107240388
569.99000000000	0.24733316071169	75.748610438006
570.60000000000	0.24999938715805	70.927144730727
571.21000000000	0.25258947037627	66.066240794909
571.82000000000	0.25510604099441	61.170727671057
572.43000000000	0.25755357922308	56.244780488756
573.04000000000	0.25993849705631	51.291902929044
573.65000000000	0.26226903791450	46.314866893262
574.26000000000	0.26455493240595	41.315634512780
574.87000000000	0.26680678864993	36.295288541144
575.48000000000	0.26903523893638	31.253995617333
576.09000000000	0.27124990708145	26.191022434151
576.70000000000	0.27345829711874	21.104817513071
577.31000000000	0.27566472831033	15.993161661733
577.92000000000	0.27786944926181	10.853379395672
578.53000000000	0.28006805247682	5.6825931536765
579.14000000000	0.28225127975142	0.47799368368450
579.75000000000	0.28440526090459	-4.7629049718298
580.36000000000	0.28651216876777	-10.042057852714
580.97000000000	0.28855120986987	-15.360756255566
581.58000000000	0.29049981225272	-20.719588158705
582.19000000000	0.29233482890832	-26.118498160388
582.80000000000	0.29403355522827	-31.556939615162
583.41000000000	0.29557436556449	-37.034098704864
584.02000000000	0.29693680636254	-42.549159612552
584.63000000000	0.29810103516398	-48.101572828212
585.24000000000	0.29904655673058	-53.691284960288
585.85000000000	0.29975027032931	-59.318887259491
586.46000000000	0.30018390041892	-64.985639504072
587.07000000000	0.30031093849242	-70.693323546172
587.68000000000	0.30008328836513	-76.443874199445
588.29000000000	0.29943790374915	-82.238722245064
588.90000000000	0.29829387023013	-88.077764375650
589.51000000000	0.29655065850724	-93.957849839398
590.12000000000	0.29408870865084	-99.870651178255
590.73000000000	0.29077411892522	-105.79978655874
591.34000000000	0.28646993990880	-111.71712577365
591.95000000000	0.28105712384285	-117.57841584940
592.56000000000	0.27446786721123	-123.31880565452
593.17000000000	0.26673191075557	-128.84960038701
593.78000000000	0.25803189107828	-134.05860080587
594.39000000000	0.24875837907988	-138.81771316830
595.00000000000	0.23954907022658	-143.00360315816
595.61000000000	0.23128179419910	-146.53888557404
596.22000000000	0.22496437822247	-149.45371410862
596.83000000000	0.22147222481781	-151.93807209205
597.44000000000	0.22119954218883	-154.32350985369
598.05000000000	0.22384895718967	-156.96582312998
598.66000000000	0.22855474966510	-160.10099307489
599.27000000000	0.23424716778532	-163.78469062720
599.88000000000	0.24084235194260	-167.63323490969
600.49000000000	0.24630279861983	-172.40527261143
601.10000000000	0.25165251984739	-177.13146675331
601.71000000000	0.25671126697593	177.98505424513
602.32000000000	0.26151203589520	172.97268043068
602.93000000000	0.26606093659418	167.84156640534
603.54000000000	0.27029453493009	162.59962254567
604.15000000000	0.27410796174825	157.26690644066
604.76000000000	0.27743034649365	151.88052808756
605.37000000000	0.28030734559302	146.48452544914
605.98000000000	0.28292041926865	141.10736799281
606.59000000000	0.28549735469120	135.74364092974
607.20000000000	0.28817149958771	130.35890655762
607.81000000000	0.29091509285283	124.91500006002
608.42000000000	0.29359142767816	119.39196664134
609.03000000000	0.29605099953627	113.79159949983
609.64000000000	0.29819147048916	108.12843946222
610.25000000000	0.29996750717210	102.41983028251
610.86000000000	0.30137468183747	96.680286859612
611.47000000000	0.30242951372648	90.919816994775
612.08000000000	0.30315477350700	85.144319638115
612.69000000000	0.30357102107807	79.356668815316
613.30000000000	0.30369267346308	73.557817599573
613.91000000000	0.30352679836040	67.747701574266
614.52000000000	0.30307339421001	61.925914971784
615.13000000000	0.30232643607300	56.092192995484
615.74000000000	0.30127529508226	50.246740488099
616.35000000000	0.29990631195782	44.390438525593
616.96000000000	0.29820438150841	38.524951664871
617.57000000000	0.29615443030846	32.652753638782
618.18000000000	0.29374267397600	26.777087962265
618.79000000000	0.29095754581987	20.901880603592
619.40000000000	0.28779021045375	15.031623724021
620.01000000000	0.28423461735406	9.1712527137938
620.62000000000	0.28028710020384	3.3260432621388
621.23000000000	0.27594557513435	-2.4984402037664
621.84000000000	0.27120842826398	-8.2963096417517
622.45000000000	0.26607321059547	-14.061193103060
623.06000000000	0.26053528074889	-19.785902704857
623.67000000000	0.25458656438570	-25.461869035520
624.28000000000	0.24821465882932	-31.078251186833
624.89000000000	0.24140264915285	-36.620584978849
625.50000000000	0.23413029025964	-42.068769378533
626.11000000000	0.22637773798823	-47.394132613675
626.72000000000	0.21813384106047	-52.555331142357
627.33000000000	0.20941201680540	-57.493081409955
627.94000000000	0.20027728497073	-62.124540938124
628.55000000000	0.19088640487774	-66.340045701176
629.16000000000	0.18153622413696	-70.008159793507
629.77000000000	0.17270091239538	-72.998295560377
630.38000000000	0.16502152756412	-75.228327110745
630.99000000000	0.15921098922174	-76.729277302799
631.60000000000	0.15587854660003	-77.691226133306
632.21000000000	0.15534784449039	-78.442777457345
632.82000000000	0.15757118946167	-79.355805770691
633.43000000000	0.16218356476020	-80.730579088961
634.04000000000	0.16865673298389	-82.729784863670
634.65000000000	0.17647823256835	-85.386533611884
635.26000000000	0.18527096113833	-88.664027502434
635.87000000000	0.19478596918018	-92.519028806375
636.48000000000	0.20478930646698	-96.927232419270
637.09000000000	0.21495689087949	-101.86730725387
637.70000000000	0.22486932559481	-107.29515725910
638.31000000000	0.23409197503439	-113.13616722591
638.92000000000	0.24226416653710	-119.29674147241
639.53000000000	0.24914499423517	-125.68137501544
640.14000000000	0.25461274695972	-132.20458172816
640.75000000000	0.25864013371379	-138.79535690642
641.36000000000	0.26126607612272	-145.39655561797
641.97000000000	0.26257410143648	-151.96221607774
642.58000000000	0.26267876244817	-158.45481918181
643.19000000000	0.26171760061946	-164.84334592784
643.80000000000	0.25984557519753	-171.10226876997
644.41000000000	0.25722979046101	-177.21126896683
645.02000000000	0.25404358099163	176.84462891797
645.63000000000	0.25045998363997	171.07478836315
646.24000000000	0.24664514658880	165.48276395038
646.85000000000	0.24275233653944	160.06629854879
647.46000000000	0.23891705138377	154.81757096088
648.07000000000	0.23525349892661	149.72370869882
648.68000000000	0.23185249374940	144.76755692839
649.29000000000	0.22878070891876	139.92867462806
649.90000000000	0.22608116979755	135.18450021909
650.51000000000	0.22377482044591	130.51159387988
651.12000000000	0.22186288576616	125.88684560024
651.73000000000	0.22032965059936	121.28856570431
652.34000000000	0.21914533380541	116.69745594754
652.95000000000	0.21826920935286	112.09755970874
653.56000000000	0.21765443685844	107.47719974156
654.17000000000	0.21725644065923	102.82892431546
654.78000000000	0.21703684724874	98.146888848390
655.39000000000	0.21695220419599	93.425859034525
656.00000000000	0.21695291668452	88.664829868929
656.61000000000	0.21699743940524	83.867413011951
657.22000000000	0.21705740322119	79.039307838801
657.83000000000	0.21711582107541	74.186687420153
658.44000000000	0.21716490681375	69.315427104554
659.05000000000	0.21720420750883	64.430607396588
659.66000000000	0.21723870448936	59.536166600250
660.27000000000	0.21727685141843	54.634706382038
660.88000000000	0.21732869041285	49.727447507378
661.49000000000	0.21740421195669	44.814313006002
662.10000000000	0.21751210948121	39.894110952643
662.71000000000	0.21765902364480	34.964813753125
663.32000000000	0.21784907269371	30.023957152711
663.93000000000	0.21808312900119	25.069041366179
664.54000000000	0.21835832048349	20.097669489744
665.15000000000	0.21866888143808	15.107585673987
665.76000000000	0.21900754540331	10.096873696665
666.37000000000	0.21936670702075	5.0641145903104
666.98000000000	0.21973997382358	0.0083405345626853
667.59000000000	0.22012546182550	-5.0710711097156
668.20000000000	0.22053260530059	-10.173251800514
668.81000000000	0.22097571995207	-15.289674782136
669.42000000000	0.22141770499017	-20.408127935315
670.03000000000	0.22187765627068	-25.538459847989
670.64000000000	0.22233857238422	-30.715433943087
671.25000000000	0.22279031432997	-35.910498094422
671.86000000000	0.22329324101943	-41.128670490285
672.47000000000	0.22383337754428	-46.374394371950
673.08000000000	0.22470042306476	-51.684897599712
673.69000000000	0.22532316418723	-57.010633253055
674.30000000000	0.22611008913433	-62.402314653844
674.91000000000	0.22696395051629	-67.862818943541
675.52000000000	0.22785611477285	-73.402531824797
676.13000000000	0.22875318411533	-79.032163702630
676.74000000000	0.22961348163107	-84.761988551053
677.35000000000	0.23038706548366	-90.601506342448
677.96000000000	0.23101665550233	-96.559280434643
678.57000000000	0.23143909244418	-102.64283373085
679.18000000000	0.23158652883868	-108.85836535524
679.79000000000	0.23138461450541	-115.21043157099
680.40000000000	0.23074883864082	-121.70290041685
681.01000000000	0.22958765563537	-128.34033855872
681.62000000000	0.22780633238991	-135.12740716573
682.23000000000	0.22530440920970	-142.06793096697
682.84000000000	0.22197249205825	-149.16448465019
683.45000000000	0.21769084457570	-156.41762170437
684.06000000000	0.21232972990709	-163.82422319486
684.67000000000	0.20575250853232	-171.37462257979
685.28000000000	0.19782368534903	-179.04806409113
685.89000000000	0.18842498566916	173.19400913933
686.50000000000	0.17748275339861	165.41718078112
687.11000000000	0.16500823828883	157.72552182172
687.72000000000	0.15114666079719	150.27361096084
688.33000000000	0.13622031911151	143.27513131414
688.94000000000	0.12073964142273	137.00172308832
689.55000000000	0.10535591722026	131.76648960536
690.16000000000	0.090753281247171	127.89398220227
690.77000000000	0.077521020689528	125.69013867855
691.38000000000	0.066074915746636	125.42735816154
691.99000000000	0.056668567411598	127.33442864255
692.60000000000	0.049464693639504	131.53722919120
693.21000000000	0.044588262076648	137.89995078895
693.82000000000	0.042119915855157	145.84952181516
694.43000000000	0.042088443735301	154.39869223205
695.04000000000	0.044520416355845	162.38810310262
695.65000000000	0.049440181527724	168.74571161977
696.26000000000	0.056735169836121	172.76054678316
696.87000000000	0.066082302352080	174.28748436247
697.48000000000	0.077071618553035	173.62058248944
698.09000000000	0.089337718750753	171.17779388920
698.70000000000	0.10254208505002	167.31597421798
699.31000000000	0.11629414965146	162.32118007392
699.92000000000	0.13014897456292	156.44779387550
700.53000000000	0.14367886548190	149.92463715686
701.14000000000	0.15652044536373	142.93984604637
701.75000000000	0.16836511370260	135.64085117267
702.36000000000	0.17894896874856	128.15094884533
702.97000000000	0.18808155286583	120.58249923861
703.58000000000	0.19567988182391	113.03416921066
704.19000000000	0.20176857569827	105.58872151385
704.80000000000	0.20647459700122	98.309146689292
705.41000000000	0.20999316453473	91.236292515429
706.02000000000	0.21255153423464	84.391117867468
706.63000000000	0.21438040410588	77.778577755635
707.24000000000	0.21569301332634	71.391937729878
707.85000000000	0.21667229986126	65.215366651829
708.46000000000	0.21747350400808	59.226777945020
709.07000000000	0.21822199216150	53.402006158706
709.68000000000	0.21901216782307	47.716154674474
710.29000000000	0.21991244712388	42.144888624009
710.90000000000	0.22097117730810	36.665774965350
711.51000000000	0.22222426837397	31.259143048224
712.12000000000	0.22370517486458	25.907688485576
712.73000000000	0.22545220143681	20.593801678985
713.34000000000	0.22750275848133	15.295878256457
713.95000000000	0.22987421981721	9.9877040819004
714.56000000000	0.23254871260236	4.6426835981093
715.17000000000	0.23547617084959	-0.76080839241976
715.78000000000	0.23858940201201	-6.2372311469905
716.39000000000	0.24181674012737	-11.794874412473
717.00000000000	0.24508713539221	-17.437667604364
717.61000000000	0.24833088346154	-23.166409797087
718.22000000000	0.25147952083316	-28.979382275413
718.83000000000	0.25446626059001	-34.872685083627
719.44000000000	0.25722711238095	-40.840516807905
720.05000000000	0.25970132192114	-46.875349554004
720.66000000000	0.26181974259486	-52.967005895735
721.27000000000	0.26357793795644	-59.078559613760
721.88000000000	0.26506050969388	-65.272117875394
722.49000000000	0.26596941798322	-71.464030303464
723.10000000000	0.26651504288467	-77.670944689407
723.71000000000	0.26669021321679	-83.909539141720
724.32000000000	0.26608748875524	-90.149434321835
724.93000000000	0.26518399723047	-96.321395987515
725.54000000000	0.26392230560400	-102.48160022409
726.15000000000	0.26223073460817	-108.59241688698
726.76000000000	0.26031002189131	-114.65863316184
727.37000000000	0.25810359911304	-120.68231512772
727.98000000000	0.25566072215561	-126.65420137254
728.59000000000	0.25302998068617	-132.57190700109
729.20000000000	0.25025415437358	-138.43491286325
729.81000000000	0.24737176107740	-144.24390480945
730.42000000000	0.24441698187765	-150.00055149739
731.03000000000	0.24141999627044	-155.70720789802
731.64000000000	0.23840816092297	-161.36693392330
732.25000000000	0.23540574348912	-166.98377379023
732.86000000000	0.23243296583635	-172.56276900048
733.47000000000	0.22950613663829	-178.10966053416
734.08000000000	0.22663791781955	176.36997259170
734.69000000000	0.22383128458942	170.87196030904
735.30000000000	0.22107024241569	165.39042765469
735.91000000000	0.21834406294913	159.91515856786
736.52000000000	0.21565130835198	154.43885095101
737.13000000000	0.21298155041286	148.95691120316
737.74000000000	0.21031764929689	143.46533785335
738.35000000000	0.20763982897599	137.96064943916
738.96000000000	0.20492726455051	132.43997903950
739.57000000000	0.20215883439821	126.90080330900
740.18000000000	0.19931467624163	121.34003301339
740.79000000000	0.19638492380934	115.75293024756
741.40000000000	0.19338344581968	110.13967985709
742.01000000000	0.19029050843499	104.51258442376
742.62000000000	0.18704858327987	98.869882755027
743.23000000000	0.18363681919207	93.203700437256
743.84000000000	0.18004076240326	87.511473158513
744.45000000000	0.17623753907184	81.793158723862
745.06000000000	0.17219725080877	76.050495370771
745.67000000000	0.16788538286630	70.288018195280
746.28000000000	0.16326660546437	64.514532420024
746.89000000000	0.15830893467536	58.744091712056
747.50000000000	0.15298459349074	52.997951825693
748.11000000000	0.14726986166408	47.304190153995
748.72000000000	0.14117582311945	41.699095832573
749.33000000000	0.13472332985334	36.229210845141
749.94000000000	0.12796197491191	30.967721718712
750.55000000000	0.12102052963734	25.971618494520
751.16000000000	0.11398725869621	21.277938721672
751.77000000000	0.10695534793683	17.016044504764
752.38000000000	0.10012251807563	13.238164067116
752.99000000000	0.093637552044503	10.003108077812
753.60000000000	0.087650966628933	7.3561985186550
754.21000000000	0.082303271931564	5.3189187633892
754.82000000000	0.077715920205189	3.8796748180359
755.43000000000	0.073986891114020	2.9854295737572
756.04000000000	0.071188595535952	2.5362944401885
756.65000000000	0.069365813809797	2.3849791977070
757.26000000000	0.068533663081168	2.3457424198893
757.87000000000	0.068687848012134	2.2104654649557
758.48000000000	0.069845811120738	1.7364914406870
759.09000000000	0.072140191140579	0.46297642402182
759.70000000000	0.075038621928644	-3.8397393441019
760.31000000000	0.066823306948828	-4.0063200046981
760.92000000000	0.072688757241371	-1.9317427197189
761.53000000000	0.077389821830481	-3.8051933390489
762.14000000000	0.081525674265299	-6.4001643520879
762.75000000000	0.085507068081370	-9.4194987098661
763.36000000000	0.089412554020670	-12.773511712309
763.97000000000	0.093238709838898	-16.397828241558
764.58000000000	0.096971403032742	-20.234611872206
765.19000000000	0.10060928456528	-24.225619331485
765.80000000000	0.10416761356654	-28.319074848382
766.41000000000	0.10768190107311	-32.475252974074
767.02000000000	0.11121133025453	-36.675971272373
767.63000000000	0.11483719117117	-40.909005508192
768.24000000000	0.11869563275922	-45.190651809553
768.85000000000	0.12289204934381	-49.586273283413
769.46000000000	0.12742642936872	-54.179424127866
770.07000000000	0.13220049732594	-59.038896759748
770.68000000000	0.13700924379742	-64.199547908462
771.29000000000	0.14159632423716	-69.645629811298
771.90000000000	0.14571887140651	-75.319024896984
772.51000000000	0.14919656058338	-81.135894021601
773.12000000000	0.15193733890791	-87.004394320914
773.73000000000	0.15394195969043	-92.839022204832
774.34000000000	0.15529376594446	-98.571385618123
774.95000000000	0.15610355009398	-104.14829556781
775.56000000000	0.15658858946603	-109.54243483711
776.17000000000	0.15689739763338	-114.74678063872
776.78000000000	0.15722656040376	-119.76823403220
777.39000000000	0.15776203552216	-124.64571605324
778.00000000000	0.15862377657605	-129.44705447542
778.61000000000	0.15983358014503	-134.25148894584
779.22000000000	0.16130923605553	-139.13266817761
779.83000000000	0.16287519102176	-144.14486952082
780.44000000000	0.16422196328371	-149.30248571320
781.05000000000	0.16514667276871	-154.53769860517
781.66000000000	0.16549770230029	-159.79239165319
782.27000000000	0.16521182625290	-164.96620419370
782.88000000000	0.16438688047795	-169.95647817919
783.49000000000	0.16325603582462	-174.68308318239
784.10000000000	0.16213627562109	-179.10841676880
784.71000000000	0.16135296532030	176.75197795547
785.32000000000	0.16116454532766	172.83477548987
785.93000000000	0.16171745373196	169.04935119303
786.54000000000	0.16304510274220	165.30330683207
787.15000000000	0.16509958294184	161.52130343283
787.76000000000	0.16779265637020	157.65216372315
788.37000000000	0.17102824162020	153.66667965830
788.98000000000	0.17472062912714	149.55132557626
789.59000000000	0.17880084776672	145.30185289954
790.20000000000	0.18321600554804	140.91850814088
790.81000000000	0.18792557577117	136.40308747300
791.42000000000	0.19289695427939	131.75741591752
792.03000000000	0.19810128917468	126.98272597171
792.64000000000	0.20351007906583	122.07948899088
793.25000000000	0.20909284089843	117.04756045964
793.86000000000	0.21481522138595	111.88655068468
794.47000000000	0.22063743546545	106.59644564683
795.08000000000	0.22650749964972	101.17699366525
795.69000000000	0.23237638758956	95.627883464004
796.30000000000	0.23818096103046	89.951237312475
796.91000000000	0.24385061528016	84.149090943727
797.52000000000	0.24930705034835	78.224379644016
798.13000000000	0.25446197897034	72.181230559324
798.74000000000	0.25921937736827	66.025750739759
799.35000000000	0.26347854932468	59.765131354754
799.96000000000	0.26712903147360	53.407720197038
800.57000000000	0.27005053268057	46.964463989613
801.18000000000	0.27211272194654	40.449502172914
801.79000000000	0.27317330054232	33.881226844749
802.40000000000	0.27308100658135	27.284835185726
803.01000000000	0.27168316875119	20.696283690110
803.62000000000	0.26884265849862	14.167697496191
804.23000000000	0.26447204110842	7.7745055826759
804.84000000000	0.25859295489823	1.6232911316014
805.45000000000	0.25140612985413	-4.1407550993472
806.06000000000	0.24332677084258	-9.3552886593790
806.67000000000	0.23517617687281	-13.891832734366
807.28000000000	0.22807814918820	-17.678624526366
807.89000000000	0.22328322640019	-20.756525187930
808.50000000000	0.22177240905031	-23.421221895804
809.11000000000	0.22381712435781	-26.037157113104
809.72000000000	0.22915362528452	-28.964947320392
810.33000000000	0.23704471967138	-32.449423524222
810.94000000000	0.24655775563887	-36.584109913128
811.55000000000	0.25677882366844	-41.347215418462
812.16000000000	0.26692660605843	-46.656110217133
812.77000000000	0.27639800830745	-52.401559611609
813.38000000000	0.28476572379223	-58.467009996904
813.99000000000	0.29175868039768	-64.736849700796
814.60000000000	0.29729250915295	-71.104478380186
815.21000000000	0.30145643572370	-77.482999377070
815.82000000000	0.30446460950291	-83.811523397756
816.43000000000	0.30658715930282	-90.056056065027
817.04000000000	0.30807535372046	-96.207226348968
817.65000000000	0.30917069648792	-102.26168871366
818.26000000000	0.31004719396351	-108.23359213674
818.87000000000	0.31082176341519	-114.13945849766
819.48000000000	0.31157676870612	-119.99606090039
820.09000000000	0.31236135265259	-125.81978967810
820.70000000000	0.31319899385926	-131.62568311638
821.31000000000	0.31409378194574	-137.42700090305
821.92000000000	0.31503533594095	-143.23508793647
822.53000000000	0.31600257739314	-149.05940045404
823.14000000000	0.31696654264397	-154.90762835834
823.75000000000	0.31789235925130	-160.78587217997
824.36000000000	0.31874050641439	-166.69884306806
824.97000000000	0.31946778312149	-172.65004654867
825.58000000000	0.32002958534422	-178.64140797395
826.19000000000	0.32036320472269	175.32814281757
826.80000000000	0.32040031190467	169.25604599070
827.41000000000	0.32008075963928	163.14593988105
828.02000000000	0.31932224084665	157.00538849902
828.63000000000	0.31803784102528	150.84785932732
829.24000000000	0.31615198753434	144.69652875118
829.85000000000	0.31363671442743	138.58714393234
830.46000000000	0.31057182578057	132.56607930261
831.07000000000	0.30720232944160	126.67701780760
831.68000000000	0.30392065501776	120.93513820574
832.29000000000	0.30111574619328	115.30602234782
832.90000000000	0.29897254886768	109.71580617146
833.51000000000	0.29740645114653	104.08980160066
834.12000000000	0.29617517046962	98.383732888603
834.73000000000	0.29503012748826	92.586811430672
835.34000000000	0.29379562573818	86.707971376789
835.95000000000	0.29237557092749	80.762090254171
836.56000000000	0.29072972148823	74.762313600062
837.17000000000	0.28884782225773	68.717363262572
837.78000000000	0.28673082575500	62.631395020873
838.39000000000	0.28437928147245	56.504810249698
839.00000000000	0.28178673262947	50.335293508470
839.61000000000	0.27893621273558	44.118826762474
840.22000000000	0.27579864148774	37.850634414799
840.83000000000	0.27233249267151	31.526082928166
841.44000000000	0.26848447981741	25.141574574399
842.05000000000	0.26419123178655	18.695471754770
842.66000000000	0.25938206146339	12.189079072443
843.27000000000	0.25398299226912	5.6276983897763
843.88000000000	0.24792220175326	-0.97824243167796
844.49000000000	0.24113695440248	-7.6120057047490
845.10000000000	0.23358191223449	-14.249354606549
845.71000000000	0.22523845525264	-20.857462180519
846.32000000000	0.21612437197797	-27.394099795359
846.93000000000	0.20630292226027	-33.807369284720
847.54000000000	0.19588962524088	-40.036372215603
848.15000000000	0.18505447515794	-46.013482755170
848.76000000000	0.17401717951145	-51.669118988729
849.37000000000	0.16303280563545	-56.939649716783
849.98000000000	0.15236510668629	-61.778087290761
850.59000000000	0.14224721004486	-66.165028534582
851.20000000000	0.13283590518164	-70.113819983342
851.81000000000	0.12417567199037	-73.661429587191
852.42000000000	0.11619645089739	-76.839737351219
853.03000000000	0.10876443779509	-79.633741695654
853.64000000000	0.10178079859106	-81.948131102860
854.25000000000	0.095288936181395	-83.609511676094
854.86000000000	0.089534270002705	-84.420900176655
855.47000000000	0.084941930669316	-84.263108485028
856.08000000000	0.082020656694932	-83.213184022948
856.69000000000	0.081226242222966	-81.623317226192
857.30000000000	0.082819222851206	-80.086001668607
857.91000000000	0.086758838878579	-79.256285365653
858.52000000000	0.092683375222112	-79.623429454378
859.13000000000	0.099994458996533	-81.384420076156
859.74000000000	0.10800383199084	-84.472168228357
860.35000000000	0.11607471614282	-88.667530007601
860.96000000000	0.12371018157544	-93.707800611268
861.57000000000	0.13057731502276	-99.353092226015
862.18000000000	0.13648239797600	-105.41145677066
862.79000000000	0.14132554410087	-111.73913634604
863.40000000000	0.14506304875224	-118.23162501632
864.01000000000	0.14768428004153	-124.81199890274
864.62000000000	0.14919685846699	-131.41936865890
865.23000000000	0.14962005080157	-137.99937320444
865.84000000000	0.14898707114128	-144.49703117041
866.45000000000	0.14735409881774	-150.85191265321
867.06000000000	0.14481275149104	-156.99579987445
867.67000000000	0.14150252671861	-162.85325304691
868.28000000000	0.13761967527655	-168.34573300134
868.89000000000	0.13341914922784	-173.40009940384
869.50000000000	0.12920658106588	-177.96219906484
870.11000000000	0.12531734458784	177.98468036431
870.72000000000	0.12207973702716	174.39947985142
871.33000000000	0.11976102597593	171.16930066912
871.94000000000	0.11850226140135	168.11492368519
872.55000000000	0.11826231369227	165.02723832032
873.16000000000	0.11880609559038	161.72995625749
873.77000000000	0.11976776610129	158.14098239314
874.38000000000	0.12078346288232	154.29637289164
874.99000000000	0.12163553848350	150.31992821865
875.60000000000	0.12232760293931	146.35513942248
876.21000000000	0.12305122474110	142.49781361880
876.82000000000	0.12407910961335	138.76134448720
877.43000000000	0.12565450978368	135.08139294974
878.04000000000	0.12792257113482	131.34561984277
878.65000000000	0.13090831563825	127.42909614340
879.26000000000	0.13452445815089	123.22250194968
879.87000000000	0.13859208301877	118.64893073245
880.48000000000	0.14286540889052	113.67075170383
881.09000000000	0.14705902153879	108.28976747785
881.70000000000	0.15087875767456	102.54327411862
882.31000000000	0.15405599059894	96.497360673626
882.92000000000	0.15638127087533	90.238042507636
883.53000000000	0.15773008182722	83.860924956516
884.14000000000	0.15807367793138	77.460666334450
884.75000000000	0.15747223838017	71.121890653478
885.36000000000	0.15605358538635	64.912947230288
885.97000000000	0.15398494555644	58.883097532955
886.58000000000	0.15144569424844	53.062779903404
887.19000000000	0.14860642037982	47.465995672552
887.80000000000	0.14561613193508	42.093722379586
888.41000000000	0.14259675396822	36.937468091728
889.02000000000	0.13964283495322	31.982420434840
889.63000000000	0.13682427694645	27.209952928160
890.24000000000	0.13419037622225	22.599461286950
890.85000000000	0.13177406070557	18.129612740292
891.46000000000	0.12959571269727	13.779129083950
892.07000000000	0.12766631004722	9.5272174623941
892.68000000000	0.12598983873303	5.3537341075813
893.29000000000	0.12456508768009	1.2391445566299
893.90000000000	0.12338701990175	-2.8356253949980
894.51000000000	0.12244775952632	-6.8892932319480
895.12000000000	0.12173692630306	-10.940208612847
895.73000000000	0.12124118508262	-15.006361899857
896.34000000000	0.12094332845112	-19.105498775296
896.95000000000	0.12082115765019	-23.255204373770
897.56000000000	0.12084609318858	-27.472771209012
898.17000000000	0.12098137794362	-31.774731078000
898.78000000000	0.12117993098065	-36.175981649818
899.39000000000	0.12138244806921	-40.688561722109
900.00000000000	0.12151871801091	-45.321109283849
