#
#"Frequency / GHz"	"S1,4 [Mag]"	"S1,4 [Pha in deg.]"
#---------------------------------------------------
290.00000000000	0.54578652214722	19.135556264118
290.61000000000	0.54716914156230	15.174558092981
291.22000000000	0.54864298467894	11.224686227046
291.83000000000	0.55021895105941	7.2837035669806
292.44000000000	0.55190490883666	3.3494820291877
293.05000000000	0.55370629735797	-0.57996766806182
293.66000000000	0.55562671061582	-4.5064855787180
294.27000000000	0.55766841491114	-8.4317690848883
294.88000000000	0.55983276218782	-12.357392830146
295.49000000000	0.56212047142738	-16.284837518611
296.10000000000	0.56453176356375	-20.215522580568
296.71000000000	0.56706634937216	-24.150837688792
297.32000000000	0.56972328333717	-28.092168555703
297.93000000000	0.57250070832458	-32.040913283134
298.54000000000	0.57539552497642	-35.998486662763
299.15000000000	0.57840302555421	-39.966311102028
299.76000000000	0.58151653436309	-43.945794144825
300.37000000000	0.58472709616356	-47.938293755615
300.98000000000	0.58802325061016	-51.945073559424
301.59000000000	0.59139092530424	-55.967251032513
302.20000000000	0.59481347300088	-60.005742202836
302.81000000000	0.59827187021939	-64.061206748913
303.42000000000	0.60174508519360	-68.133997492314
304.03000000000	0.60521061291299	-72.224118174884
304.64000000000	0.60864516414079	-76.331193104811
305.25000000000	0.61202548409066	-80.454451749660
305.86000000000	0.61532926546768	-84.592730654346
306.47000000000	0.61853611065472	-88.744494180316
307.08000000000	0.62162848995921	-92.907874527562
307.69000000000	0.62459263809398	-97.080730362586
308.30000000000	0.62741933036346	-101.26072220385
308.91000000000	0.63010448392035	-105.44540159884
309.52000000000	0.63264953796604	-109.63231015675
310.13000000000	0.63506157928777	-113.81908376298
310.74000000000	0.63735319488241	-118.00355685797
311.35000000000	0.63954205004189	-122.18386154134
311.96000000000	0.64165020649300	-126.35851645176
312.57000000000	0.64370320952530	-130.52650082689
313.18000000000	0.64572898452557	-134.68730979693
313.79000000000	0.64775659163407	-138.84098773581
314.40000000000	0.64981489267570	-142.98813732562
315.01000000000	0.65193118792509	-147.12990285675
315.62000000000	0.65412988266880	-151.26792720120
316.23000000000	0.65643124577445	-155.40428291443
316.84000000000	0.65885032483107	-159.54137911765
317.45000000000	0.66139608424826	-163.68184725615
318.06000000000	0.66407083231836	-167.82841053749
318.67000000000	0.66686999808613	-171.98374375147
319.28000000000	0.66978230600001	-176.15033205555
319.89000000000	0.67279037333543	179.66966116136
320.50000000000	0.67587172156490	175.47450647683
321.11000000000	0.67900015024728	171.26299029914
321.72000000000	0.68214737597542	167.03445797215
322.33000000000	0.68528479767558	162.78881318966
322.94000000000	0.68838522251136	158.52647346448
323.55000000000	0.69142438182630	154.24828655772
324.16000000000	0.69438208783662	149.95541750093
324.77000000000	0.69724292710301	145.64921923213
325.38000000000	0.69999644821654	141.33110126879
325.99000000000	0.70263686680563	137.00241005662
326.60000000000	0.70516236853209	132.66433194180
327.21000000000	0.70757413061060	128.31782577706
327.82000000000	0.70987519993375	123.96358781639
328.43000000000	0.71206936183960	119.60204755377
329.04000000000	0.71416011277146	115.23339006835
329.65000000000	0.71614981945320	110.85759851097
330.26000000000	0.71803911361172	106.47450959121
330.87000000000	0.71982654011697	102.08387509885
331.48000000000	0.72150845096961	97.685423328264
332.09000000000	0.72307911912813	93.278915472154
332.70000000000	0.72453103451137	88.864193369035
333.31000000000	0.72585533855346	84.441216255002
333.92000000000	0.72704235203900	80.010085286042
334.53000000000	0.72808215228755	75.571055521666
335.14000000000	0.72896515904266	71.124535791146
335.75000000000	0.72968269291588	66.671077418144
336.36000000000	0.73022747547984	62.211353183356
336.97000000000	0.73059404581579	57.746128182286
337.58000000000	0.73077907431470	53.276224406334
338.19000000000	0.73078156064204	48.802480954836
338.80000000000	0.73060290881989	44.325711784639
339.41000000000	0.73024687813380	39.846662831866
340.02000000000	0.72971941379555	35.365970207675
340.63000000000	0.72902836574727	30.884120987945
341.24000000000	0.72818310747944	26.401417900020
341.85000000000	0.72719406912642	21.917948974174
342.46000000000	0.72607220036041	17.433562990774
343.07000000000	0.72482837879039	12.947851333357
343.68000000000	0.72347277884424	8.4601366689804
344.29000000000	0.72201421470889	3.9694687332650
344.90000000000	0.72045946912108	-0.52537259167129
345.51000000000	0.71881261797613	-5.0258667471693
346.12000000000	0.71707435920117	-9.5337343239696
346.73000000000	0.71524135347092	-14.050910960875
347.34000000000	0.71330558446020	-18.579512890121
347.95000000000	0.71125374773617	-23.121793521277
348.56000000000	0.70906668036679	-27.680090251006
349.17000000000	0.70671884807644	-32.256760482367
349.78000000000	0.70417791344501	-36.854105665300
350.39000000000	0.70140441720820	-41.474282069087
351.00000000000	0.69835161493564	-46.119197017873
351.61000000000	0.69496552266064	-50.790389522441
352.22000000000	0.69118523635523	-55.488894694944
352.83000000000	0.68694359980787	-60.215092112216
353.44000000000	0.68216830105929	-64.968539465719
354.05000000000	0.67678347593956	-69.747794448720
354.66000000000	0.67071188473473	-74.550229885967
355.27000000000	0.66387770085508	-79.371849537509
355.88000000000	0.65620990567273	-84.207114635903
356.49000000000	0.64764622062982	-89.048793754572
357.10000000000	0.63813742904082	-93.887850647842
357.71000000000	0.62765185330222	-98.713385765572
358.32000000000	0.61617967133501	-103.51264674902
358.93000000000	0.60373669607009	-108.27112101372
359.54000000000	0.59036722185316	-112.97271944920
360.15000000000	0.57614557635771	-117.60005463422
360.76000000000	0.56117611145936	-122.13481051812
361.37000000000	0.54559151388440	-126.55819430633
361.98000000000	0.52954949477741	-130.85145642955
362.59000000000	0.51322809507975	-134.99646181943
363.20000000000	0.49681998697764	-138.97629550270
363.81000000000	0.48052623390681	-142.77588719705
364.42000000000	0.46454998042256	-146.38264179265
365.03000000000	0.44909048379760	-149.78706346284
365.64000000000	0.43433779160267	-152.98335878484
366.25000000000	0.42046824231544	-155.96999742989
366.86000000000	0.40764084813078	-158.75019780927
367.47000000000	0.39599453282752	-161.33229156454
368.08000000000	0.38564615375225	-163.72990909844
368.69000000000	0.37668923398728	-165.96192417718
369.30000000000	0.36919335566130	-168.05210479821
369.91000000000	0.36320419809382	-170.02844350628
370.52000000000	0.35874422392499	-171.92218180890
371.13000000000	0.35581400725922	-173.76659277055
371.74000000000	0.35439415620338	-175.59563079074
372.35000000000	0.35444771727345	-177.44258461867
372.96000000000	0.35592288013236	-179.33886988492
373.57000000000	0.35875574961006	178.68692974864
374.18000000000	0.36287293378552	176.60971026394
374.79000000000	0.36819371703573	174.40817400094
375.40000000000	0.37463163944818	172.06487166277
376.01000000000	0.38209537631412	169.56602665941
376.62000000000	0.39048889019096	166.90122189451
377.23000000000	0.39971090348816	164.06302687685
377.84000000000	0.40965380728135	161.04663055511
378.45000000000	0.42020218215735	157.84952777904
379.06000000000	0.43123116139934	154.47128880917
379.67000000000	0.44260491683155	150.91342417710
380.28000000000	0.45417559065660	147.17934236109
380.89000000000	0.46578302482410	143.27438525246
381.50000000000	0.47725563949358	139.20591606623
382.11000000000	0.48841276690577	134.98342623180
382.72000000000	0.49906864011107	130.61862239583
383.33000000000	0.50903805895567	126.12545295477
383.94000000000	0.51814351592164	121.52003668024
384.55000000000	0.52622329161810	116.82046487269
385.16000000000	0.53313977626509	112.04646304606
385.77000000000	0.53878710493439	107.21891699528
386.38000000000	0.54309717035279	102.35928835538
386.99000000000	0.54604322857480	97.488962563324
387.60000000000	0.54764062454397	92.628583643230
388.21000000000	0.54794457366934	87.797432832775
388.82000000000	0.54704534925042	83.012901260713
389.43000000000	0.54506155139703	78.290092488763
390.04000000000	0.54213230848350	73.641572255522
390.65000000000	0.53840927088403	69.077264261992
391.26000000000	0.53404912648887	64.604475747662
391.87000000000	0.52920715332535	60.228026953474
392.48000000000	0.52403208728224	55.950454791601
393.09000000000	0.51866237165036	51.772262280703
393.70000000000	0.51322369894861	47.692189935657
394.31000000000	0.50782766290141	43.707491483625
394.92000000000	0.50257130266776	39.814202379784
395.53000000000	0.49753732701751	36.007394448947
396.14000000000	0.49279483509052	32.281413008256
396.75000000000	0.48840038662967	28.630094056799
397.36000000000	0.48439930688921	25.046959073480
397.97000000000	0.48082713439243	21.525384448992
398.58000000000	0.47771113334693	18.058742387189
399.19000000000	0.47507180044447	14.640510757838
399.80000000000	0.47292430273782	11.264350941998
400.41000000000	0.47127979294006	7.9241548513369
401.02000000000	0.47014656206752	4.6140644721003
401.63000000000	0.46953100569695	1.3284689562531
402.24000000000	0.46943839668587	-1.9380148605811
402.85000000000	0.46987347135892	-5.1905726354485
403.46000000000	0.47084084609894	-8.4342281903203
404.07000000000	0.47234528642976	-11.673880554807
404.68000000000	0.47439185152770	-14.914339432204
405.29000000000	0.47698593475805	-18.160357209839
405.90000000000	0.48013321657254	-21.416656471298
406.51000000000	0.48383954104123	-24.687952535451
407.12000000000	0.48811072224249	-27.978970864181
407.73000000000	0.49295228220520	-31.294459294723
408.34000000000	0.49836911835445	-34.639195018724
408.95000000000	0.50436509557818	-38.017986098705
409.56000000000	0.51094255617343	-41.435667124058
410.17000000000	0.51810174012925	-44.897088393740
410.78000000000	0.52584010860155	-48.407097794966
411.39000000000	0.53415156526840	-51.970514346650
412.00000000000	0.54302557385264	-55.592092213662
412.61000000000	0.55244617588207	-59.276473897786
413.22000000000	0.56239092119185	-63.028131304841
413.83000000000	0.57282973520159	-66.851293514572
414.44000000000	0.58372376191874	-70.749860389146
415.05000000000	0.59502423990535	-74.727301702042
415.66000000000	0.60667148951199	-78.786542307147
416.27000000000	0.61859411210297	-82.929835042742
416.88000000000	0.63070852321955	-87.158624595343
417.49000000000	0.64291895778877	-91.473407404048
418.10000000000	0.65511809145159	-95.873594764314
418.71000000000	0.66718841189434	-100.35738839267
419.32000000000	0.67900444193696	-104.92167953625
419.93000000000	0.69043585805624	-109.56198385497
420.54000000000	0.70135146381218	-114.27242432573
421.15000000000	0.71162387289751	-119.04577291315
421.76000000000	0.72113464372815	-123.87355847808
422.37000000000	0.72977950534969	-128.74624339583
422.98000000000	0.73747324486960	-133.65346504637
423.59000000000	0.74415380956597	-138.58433151367
424.20000000000	0.74978522410550	-143.52775454908
424.81000000000	0.75435903376092	-148.47279822337
425.42000000000	0.75789414244504	-153.40901959669
426.03000000000	0.76043509249539	-158.32677859623
426.64000000000	0.76204899942811	-163.21749794647
427.25000000000	0.76282148096027	-168.07385974669
427.86000000000	0.76285198770432	-172.88993209000
428.47000000000	0.76224894914675	-177.66122584598
429.08000000000	0.76112510166194	177.61531255991
429.69000000000	0.75959328258129	172.94136244281
430.30000000000	0.75776287569196	168.31733203454
430.91000000000	0.75573699677500	163.74249076879
431.52000000000	0.75361042555193	159.21511867334
432.13000000000	0.75146822928642	154.73266252889
432.74000000000	0.74938498458344	150.29189057319
433.35000000000	0.74742448523804	145.88903974827
433.96000000000	0.74563982095560	141.51995155645
434.57000000000	0.74407371953154	137.18019436393
435.18000000000	0.74275905923200	132.86517140988
435.79000000000	0.74171947518606	128.57021484677
436.40000000000	0.74097000117500	124.29066688974
437.01000000000	0.74051770483373	120.02194963994
437.62000000000	0.74036228925634	115.75962541922
438.23000000000	0.74049664711138	111.49944955102
438.84000000000	0.74090736468419	107.23741747400
439.45000000000	0.74157518291558	102.96980789891
440.06000000000	0.74247543058807	98.693223423498
440.67000000000	0.74357845127600	94.404629615270
441.28000000000	0.74485005030893	90.101393068426
441.89000000000	0.74625199044341	85.781318362560
442.50000000000	0.74774256475784	81.442683231335
443.11000000000	0.74927727207298	77.084270638913
443.72000000000	0.75080961369725	72.705395920411
444.33000000000	0.75229202052956	68.305926735980
444.94000000000	0.75367690693656	63.886293379511
445.55000000000	0.75491783322641	59.447487023351
446.16000000000	0.75597074328172	54.991043799144
446.77000000000	0.75679522965894	50.519013212058
447.38000000000	0.75735576704587	46.033910227301
447.99000000000	0.75762284813657	41.538651386388
448.60000000000	0.75757395508806	37.036476410124
449.21000000000	0.75719430544717	32.530857812004
449.82000000000	0.75647732359752	28.025401962954
450.43000000000	0.75542480627523	23.523745712840
451.04000000000	0.75404677164209	19.029453011841
451.65000000000	0.75236100337477	14.545915951636
452.26000000000	0.75039232169219	10.076264273544
452.87000000000	0.74817162995227	5.6232867214249
453.48000000000	0.74573479678756	1.1893667368575
454.09000000000	0.74312143894254	-3.2235659936239
454.70000000000	0.74037366912559	-7.6140676192239
455.31000000000	0.73753486715522	-11.981196212220
455.92000000000	0.73464852284345	-16.324512978577
456.53000000000	0.73175718704215	-20.644070244582
457.14000000000	0.72890155467284	-24.940388194869
457.75000000000	0.72611969172035	-29.214422460691
458.36000000000	0.72344640807652	-33.467524615128
458.97000000000	0.72091277033391	-37.701397469228
459.58000000000	0.71854574331902	-41.918046828003
460.19000000000	0.71636794616585	-46.119731102076
460.80000000000	0.71439750769514	-50.308909914898
461.41000000000	0.71264800630740	-54.488192620102
462.02000000000	0.71112848103020	-58.660287460483
462.63000000000	0.70984350235578	-62.827951961028
463.24000000000	0.70879329372525	-66.993945048917
463.85000000000	0.70797389672457	-71.160981326249
464.46000000000	0.70737737509845	-75.331687878958
465.07000000000	0.70699205445740	-79.508563982283
465.68000000000	0.70680279597763	-83.693944055095
466.29000000000	0.70679130340326	-87.889964219241
466.90000000000	0.70693646319258	-92.098532832630
467.51000000000	0.70721471764060	-96.321305381534
468.12000000000	0.70760047021471	-100.55966413227
468.73000000000	0.70806652114277	-104.81470294684
469.34000000000	0.70858452952496	-109.08721765168
469.95000000000	0.70912549599174	-113.37770230411
470.56000000000	0.70966025735588	-117.68635161755
471.17000000000	0.71015998202341	-122.01306967969
471.78000000000	0.71059665240825	-126.35748492270
472.39000000000	0.71094351853775	-130.71897108539
473.00000000000	0.71117550574540	-135.09667365052
473.61000000000	0.71126955909318	-139.48954095756
474.22000000000	0.71120490815159	-143.89635890119
474.83000000000	0.71096323809826	-148.31578784448
475.44000000000	0.71052875676507	-152.74640012707
476.05000000000	0.70988815214363	-157.18671634816
476.66000000000	0.70903044071735	-161.63523847127
477.27000000000	0.70794671352216	-166.09047774244
477.88000000000	0.70662979370935	-170.55097544492
478.49000000000	0.70507382626454	-175.01531463522
479.10000000000	0.70327382713825	-179.48212122069
479.71000000000	0.70122522513444	176.04994694973
480.32000000000	0.69892343529522	171.58222389460
480.93000000000	0.69636350702768	167.11607258884
481.54000000000	0.69353989359122	162.65293504061
482.15000000000	0.69044639139554	158.19439422390
482.76000000000	0.68707629719874	153.74224569349
483.37000000000	0.68342282777322	149.29857543959
483.98000000000	0.67947983862437	144.86583903261
484.59000000000	0.67524286435904	140.44693539494
485.20000000000	0.67071048175571	136.04526670892
485.81000000000	0.66588596634832	131.66477421325
486.42000000000	0.66077917429217	127.30993824889
487.03000000000	0.65540853509294	122.98573030656
487.64000000000	0.64980299157474	118.69750551430
488.25000000000	0.64400367822220	114.45082652863
488.86000000000	0.63806509731474	110.25121461329
489.47000000000	0.63205554496991	106.10383100177
490.08000000000	0.62605656623851	102.01310118397
490.69000000000	0.62016128559227	97.982305648613
491.30000000000	0.61447156521864	94.013171274442
491.91000000000	0.60909407808956	90.105505844820
492.52000000000	0.60413552658420	86.256921702927
493.13000000000	0.59969736554059	82.462691386992
493.74000000000	0.59587047572383	78.715767278273
494.35000000000	0.59273026076040	75.006979600433
494.96000000000	0.59033260018868	71.325405104137
495.57000000000	0.58871099019056	67.658876468069
496.18000000000	0.58787506132325	63.994584320183
496.79000000000	0.58781050634762	60.319713496344
497.40000000000	0.58848030879875	56.622054473563
498.01000000000	0.58982705579429	52.890539240801
498.62000000000	0.59177605769557	49.115665570840
499.23000000000	0.59423898221194	45.289791038550
499.84000000000	0.59711773199095	41.407294600789
500.45000000000	0.60030833862485	37.464616526402
501.06000000000	0.60370469811161	33.460195758720
501.67000000000	0.60720202206733	29.394327510969
502.28000000000	0.61069991903483	25.268963991698
502.89000000000	0.61410504932916	21.087478925716
503.50000000000	0.61733331669256	16.854413194865
504.11000000000	0.62031157408318	12.575215382273
504.72000000000	0.62297883292836	8.2559877983441
505.33000000000	0.62528697798664	3.9032459054816
505.94000000000	0.62720100498356	-0.47630307209171
506.55000000000	0.62869881531775	-4.8759582922689
507.16000000000	0.62977062016850	-9.2891975968331
507.77000000000	0.63041802360099	-13.709822682554
508.38000000000	0.63065286932726	-18.132077017664
508.99000000000	0.63049594799326	-22.550737283627
509.60000000000	0.62997567132878	-26.961179431017
510.21000000000	0.62912682539835	-31.359419441035
510.82000000000	0.62798950975157	-35.742125303572
511.43000000000	0.62660832207473	-40.106589017841
512.04000000000	0.62503167944341	-44.450636677809
512.65000000000	0.62331075734936	-48.772454717569
513.26000000000	0.62149695670052	-53.070362958181
513.87000000000	0.61963703123972	-57.342710182962
514.48000000000	0.61776769454667	-61.588172717993
515.09000000000	0.61591496576325	-65.806430822500
515.70000000000	0.61410049931656	-69.998610906431
516.31000000000	0.61234871235878	-74.167014918291
516.92000000000	0.61068813968431	-78.314486950927
517.53000000000	0.60914803891771	-82.443984844827
518.14000000000	0.60775447947502	-86.558469106978
518.75000000000	0.60652790810326	-90.660932993697
519.36000000000	0.60548205036369	-94.754427648735
519.97000000000	0.60462354839351	-98.842033514897
520.58000000000	0.60395197827517	-102.92678050648
521.19000000000	0.60346014261821	-107.01153382690
521.80000000000	0.60313465194908	-111.09886369070
522.41000000000	0.60295682925082	-115.19091615712
523.02000000000	0.60290394290023	-119.28930094302
523.63000000000	0.60295072426051	-123.39500997689
524.24000000000	0.60307107605925	-127.50837698158
524.85000000000	0.60323983962916	-131.62908351627
525.46000000000	0.60343447195823	-135.75621125904
526.07000000000	0.60363649092660	-139.88833482188
526.68000000000	0.60383257695650	-144.02364503351
527.29000000000	0.60401526448822	-148.16009009472
527.90000000000	0.60418320741063	-152.29552154434
528.51000000000	0.60434104908865	-156.42783334383
529.12000000000	0.60449896267030	-160.55508504012
529.73000000000	0.60467194736902	-164.67560320844
530.34000000000	0.60487897153167	-168.78805857656
530.95000000000	0.60514204635760	-172.89151893110
531.56000000000	0.60548529930018	-176.98547986642
532.17000000000	0.60593409770629	178.93012338544
532.78000000000	0.60651425461172	174.85491931706
533.39000000000	0.60725133215017	170.78811501007
534.00000000000	0.60817004496015	166.72851919500
534.61000000000	0.60929375659822	162.67457076896
535.22000000000	0.61064405600923	158.62437066780
535.83000000000	0.61224039798007	154.57571560389
536.44000000000	0.61409979054119	150.52613272900
537.05000000000	0.61623651285404	146.47291474086
537.66000000000	0.61866184871910	142.41315531722
538.27000000000	0.62138382307282	138.34378503826
538.88000000000	0.62440693143641	134.26160815641
539.49000000000	0.62773185503600	130.16334070799
540.10000000000	0.63135515708801	126.04565055230
540.71000000000	0.63526895846624	121.90520000537
541.32000000000	0.63946059379821	117.73869185852
541.93000000000	0.64391225275157	113.54291980601
542.54000000000	0.64860061790675	109.31482468733
543.15000000000	0.65349652382252	105.05155834028
543.76000000000	0.65856468515563	100.75055670805
544.37000000000	0.66376357161254	96.409622122502
544.98000000000	0.66904552451747	92.027010693642
545.59000000000	0.67435718241990	87.601515958039
546.20000000000	0.67964020463698	83.132538734641
546.81000000000	0.68483220769819	78.620138660778
547.42000000000	0.68986783749220	74.065071259581
548.03000000000	0.69467998491411	69.468817277201
548.64000000000	0.69920122059009	64.833605878146
549.25000000000	0.70336550737642	60.162426055956
549.86000000000	0.70711017237750	55.459017509847
550.47000000000	0.71037804329941	50.727833894902
551.08000000000	0.71311960816279	45.973975087110
551.69000000000	0.71529504159348	41.203088744484
552.30000000000	0.71687594516507	36.421244330480
552.91000000000	0.71784666768322	31.634784982436
553.52000000000	0.71820510185358	26.850164288892
554.13000000000	0.71796289471604	22.073776167071
554.74000000000	0.71714505700600	17.311786503667
555.35000000000	0.71578900581127	12.569974960102
555.96000000000	0.71394311935178	7.8535943605860
556.57000000000	0.71166491687720	3.1672534972923
557.18000000000	0.70901899682995	-1.4851727920802
557.79000000000	0.70607487129063	-6.1006045429364
558.40000000000	0.70290482549691	-10.676788869692
559.01000000000	0.69958191100945	-15.212305469648
559.62000000000	0.69617815405148	-19.706548721232
560.23000000000	0.69276303098846	-24.159690471492
560.84000000000	0.68940223457430	-28.572627935530
561.45000000000	0.68615673017669	-32.946921055317
562.06000000000	0.68308208224678	-37.284723283828
562.67000000000	0.68022801829288	-41.588709177908
563.28000000000	0.67763819022035	-45.862001497284
563.89000000000	0.67535009026460	-50.108099798739
564.50000000000	0.67339507979452	-54.330811842813
565.11000000000	0.67179849290806	-58.534188534751
565.72000000000	0.67057978201428	-62.722462622585
566.33000000000	0.66975267872917	-66.899990980938
566.94000000000	0.66932534985363	-71.071200017941
567.55000000000	0.66930053459658	-75.240533547955
568.16000000000	0.66967565536266	-79.412402366002
568.77000000000	0.67044290026255	-83.591134732509
569.38000000000	0.67158928101571	-87.780927022266
569.99000000000	0.67309667511035	-91.985793904422
570.60000000000	0.67494186595635	-96.209517598199
571.21000000000	0.67709659924858	-100.45559598970
571.82000000000	0.67952767770050	-104.72718969700
572.43000000000	0.68219711945249	-109.02706852925
573.04000000000	0.68506240743550	-113.35755819192
573.65000000000	0.68807685730841	-117.72048852958
574.26000000000	0.69119012975860	-122.11714504405
574.87000000000	0.69434890844637	-126.54822584550
575.48000000000	0.69749775729183	-131.01380654128
576.09000000000	0.70058016000066	-135.51331578995
576.70000000000	0.70353973094307	-140.04552429023
577.31000000000	0.70632157047278	-144.60854978688
577.92000000000	0.70887372078614	-149.19988022141
578.53000000000	0.71114866226703	-153.81641642501
579.14000000000	0.71310477706489	-158.45453476674
579.75000000000	0.71470769857511	-163.11016899393
580.36000000000	0.71593146434949	-167.77890923173
580.97000000000	0.71675939682575	-172.45611487258
581.58000000000	0.71718465112881	-177.13703701994
582.19000000000	0.71721039085301	178.18305461617
582.80000000000	0.71684957887221	173.50874584682
583.41000000000	0.71612439777282	168.84435856076
584.02000000000	0.71506534016305	164.19384261536
584.63000000000	0.71371002992439	159.56068310371
585.24000000000	0.71210184932581	154.94782592248
585.85000000000	0.71028845284812	150.35762332931
586.46000000000	0.70832024678645	145.79179995821
587.07000000000	0.70624890544516	141.25143867358
587.68000000000	0.70412598190698	136.73698476914
588.29000000000	0.70200165609831	132.24826640097
588.90000000000	0.69992364722108	127.78452878584
589.51000000000	0.69793630322015	123.34447957126
590.12000000000	0.69607986791044	118.92634284308
590.73000000000	0.69438991724663	114.52791942475
591.34000000000	0.69289695004867	110.14665138522
591.95000000000	0.69162611501672	105.77968896630
592.56000000000	0.69059705460709	101.42395843440
593.17000000000	0.68982384677013	97.076229639081
593.78000000000	0.68931502719440	92.733182314718
594.39000000000	0.68907367718679	88.391470390519
595.00000000000	0.68909756538027	84.047783775252
595.61000000000	0.68937933491192	79.698907252087
596.22000000000	0.68990673138736	75.341776245363
596.83000000000	0.69066287065435	70.973529293301
597.44000000000	0.69162654889769	66.591557067926
598.05000000000	0.69277260053244	62.193547720966
598.66000000000	0.69407231146329	57.777528206433
599.27000000000	0.69549389615207	53.341901051727
599.88000000000	0.69700304630211	48.885475843513
600.49000000000	0.69856355664366	44.407494494484
601.10000000000	0.70013802925325	39.907649197104
601.71000000000	0.70168865221308	35.386091885944
602.32000000000	0.70317804156788	30.843434051000
602.93000000000	0.70457012802651	26.280735892042
603.54000000000	0.70583106242083	21.699484087808
604.15000000000	0.70693010743040	17.101557868022
604.76000000000	0.70784047839058	12.489183599130
605.37000000000	0.70854009391118	7.8648786886137
605.98000000000	0.70901219810783	3.2313862276204
606.59000000000	0.70924582071677	-1.4083976308609
607.20000000000	0.70923604903680	-6.0515010796767
607.81000000000	0.70898409590982	-10.694956038959
608.42000000000	0.70849715983747	-15.335876550773
609.03000000000	0.70778808563097	-19.971533279509
609.64000000000	0.70687484544174	-24.599421459650
610.25000000000	0.70577986949357	-29.217320049342
610.86000000000	0.70452926249482	-33.823340387982
611.47000000000	0.70315194511146	-38.415963262618
612.08000000000	0.70167876001096	-42.994063903308
612.69000000000	0.70014157921398	-47.556924998093
613.30000000000	0.69857244446794	-52.104238301834
613.91000000000	0.69700276590347	-56.636095782126
614.52000000000	0.69546259719677	-61.152971488214
615.13000000000	0.69397999860987	-65.655695448705
615.74000000000	0.69258049322997	-70.145420915639
616.35000000000	0.69128661690228	-74.623586199540
616.96000000000	0.69011755898054	-79.091872208434
617.57000000000	0.68908888920114	-83.552156639857
618.18000000000	0.68821236575725	-88.006465603386
618.79000000000	0.68749582111397	-92.456923303508
619.40000000000	0.68694312547110	-96.905700350685
620.01000000000	0.68655423299212	-101.35496143325
620.62000000000	0.68632532105888	-105.80681373056
621.23000000000	0.68624903074397	-110.26325877976
621.84000000000	0.68631479388689	-114.72615191579
622.45000000000	0.68650918449719	-119.19717239632
623.06000000000	0.68681620377453	-123.67780110455
623.67000000000	0.68721748115667	-128.16929515567
624.28000000000	0.68769252307876	-132.67265165984
624.89000000000	0.68821917343411	-137.18856766832
625.50000000000	0.68877429497732	-141.71741175695
626.11000000000	0.68933454054758	-146.25921516859
626.72000000000	0.68987709536955	-150.81367966690
627.33000000000	0.69038035108079	-155.38019625495
627.94000000000	0.69082451630454	-159.95787130051
628.55000000000	0.69119216988703	-164.54555906249
629.16000000000	0.69146875051529	-169.14190046004
629.77000000000	0.69164296744201	-173.74536773568
630.38000000000	0.69170711449224	-178.35431416203
630.99000000000	0.69165727159671	177.03297252241
631.60000000000	0.69149338277071	172.41821459174
632.21000000000	0.69121920541022	167.80308855114
632.82000000000	0.69084213214836	163.18917097046
633.43000000000	0.69037289266905	158.57788774011
634.04000000000	0.68982514829532	153.97046838792
634.65000000000	0.68921499645457	149.36790684964
635.26000000000	0.68856040501543	144.77092978662
635.87000000000	0.68788059789291	140.17997321924
636.48000000000	0.68719541330180	135.59516792011
637.09000000000	0.68652465481326	131.01633370982
637.70000000000	0.68588745325174	126.44298253710
638.31000000000	0.68530165482551	121.87433001407
638.92000000000	0.68478324808401	117.30931491956
639.53000000000	0.68434583966792	112.74662607491
640.14000000000	0.68400018662229	108.18473592842
640.75000000000	0.68375379144909	103.62194014551
641.36000000000	0.68361056516083	99.056402476649
641.97000000000	0.68357056335073	94.486204152357
642.58000000000	0.68362980062736	89.909397020514
643.19000000000	0.68378014951089	85.324059586099
643.80000000000	0.68400933083697	80.728355030377
644.41000000000	0.68430100358774	76.120590170951
645.02000000000	0.68463496255751	71.499274177121
645.63000000000	0.68498745202263	66.863175681708
646.24000000000	0.68533160228267	62.211376743060
646.85000000000	0.68563799327107	57.543321927366
647.46000000000	0.68587534518332	52.858860626747
648.07000000000	0.68601133017194	48.158280633236
648.68000000000	0.68601349175139	43.442330985831
649.29000000000	0.68585025003733	38.712232229479
649.90000000000	0.68549196198456	33.969672496784
650.51000000000	0.68491199730537	29.216788258797
651.12000000000	0.68408778382980	24.456129186146
651.73000000000	0.68300177182577	19.690607290334
652.34000000000	0.68164226618879	14.923431329537
652.95000000000	0.68000407905333	10.158028297356
653.56000000000	0.67808896337569	5.3979545890802
654.17000000000	0.67590579990259	0.64680008009195
654.78000000000	0.67347052460548	-4.0919112109492
655.39000000000	0.67080579962924	-8.8148200090995
656.00000000000	0.66794044637656	-13.518826421015
656.61000000000	0.66490867291518	-18.201176829740
657.22000000000	0.66174913819413	-22.859540050998
657.83000000000	0.65850390186960	-27.492070385304
658.44000000000	0.65521731074879	-32.097455895774
659.05000000000	0.65193487136480	-36.674950947775
659.66000000000	0.64870215374186	-41.224392727049
660.27000000000	0.64556376485501	-45.746202090368
660.88000000000	0.64256242239835	-50.241369692617
661.49000000000	0.63973815081536	-54.711428871531
662.10000000000	0.63712761248504	-59.158417238538
662.71000000000	0.63476357779144	-63.584829284513
663.32000000000	0.63267452889520	-67.993562511565
663.93000000000	0.63088438391103	-72.387859596852
664.54000000000	0.62941232157418	-76.771248855356
665.15000000000	0.62827268207536	-81.147484809221
665.76000000000	0.62747491810716	-85.520490050359
666.37000000000	0.62702357149414	-89.894298892989
666.98000000000	0.62691825485249	-94.273002658197
667.59000000000	0.62715362396658	-98.660695905255
668.20000000000	0.62771933420209	-103.06142258601
668.81000000000	0.62859998250605	-107.47912097457
669.42000000000	0.62977504469128	-111.91756630894
670.03000000000	0.63121882524815	-116.38031034844
670.64000000000	0.63290044347060	-120.87061746760
671.25000000000	0.63478388485108	-125.39139744095
671.86000000000	0.63682815002434	-129.94513569787
672.47000000000	0.63898753436088	-134.53382252225
673.08000000000	0.64121206871119	-139.15888342775
673.69000000000	0.64344814461701	-143.82111377225
674.30000000000	0.64563933433016	-148.52062166823
674.91000000000	0.64772739680062	-153.25678466203
675.52000000000	0.64965343890002	-158.02822814647
676.13000000000	0.65135919424304	-162.83283827352
676.74000000000	0.65278845048063	-167.66783012929
677.35000000000	0.65388894780150	-172.52989644577
677.96000000000	0.65461571306493	-177.41542419373
678.57000000000	0.65493691596363	177.67939935918
679.18000000000	0.65483962063869	172.75896023174
679.79000000000	0.65432653414664	167.82892409823
680.40000000000	0.65340349573088	162.89608326836
681.01000000000	0.65207472313593	157.96713956029
681.62000000000	0.65034989247536	153.04788761197
682.23000000000	0.64825018730033	148.14324153349
682.84000000000	0.64580853112315	143.25746088546
683.45000000000	0.64306724715205	138.39423490865
684.06000000000	0.64007549138040	133.55662583483
684.67000000000	0.63688642578899	128.74697407662
685.28000000000	0.63355461003708	123.96688699805
685.89000000000	0.63013437662477	119.21726560460
686.50000000000	0.62667856241209	114.49831935695
687.11000000000	0.62323730307894	109.80959701069
687.72000000000	0.61985704548253	105.15004154882
688.33000000000	0.61657984845652	100.51806038595
688.94000000000	0.61344296061190	95.911602547248
689.55000000000	0.61047864042561	91.328236667836
690.16000000000	0.60771417513959	86.765224878503
690.77000000000	0.60517204815221	82.219588586175
691.38000000000	0.60287019877975	77.688163242560
691.99000000000	0.60082231455888	73.167640577793
692.60000000000	0.59903809611966	68.654598476887
693.21000000000	0.59752343970235	64.145520596847
693.82000000000	0.59628049395751	59.636809739744
694.43000000000	0.59530756616936	55.124800586184
695.04000000000	0.59459887738426	50.605778289995
695.65000000000	0.59414419330762	46.076009337546
696.26000000000	0.59392838414791	41.531789854728
696.87000000000	0.59393098737419	36.969514313238
697.48000000000	0.59412585899840	32.385764691978
698.09000000000	0.59448099967660	27.777417083941
698.70000000000	0.59495863195012	23.141760011100
699.31000000000	0.59551558634989	18.476616709478
699.92000000000	0.59610402974974	13.780462570141
700.53000000000	0.59667254208995	9.0525287719433
701.14000000000	0.59716751957744	4.2928837850385
701.75000000000	0.59753485517964	-0.49751432475796
702.36000000000	0.59772182180826	-5.3168001725164
702.97000000000	0.59767906134916	-10.162221291737
703.58000000000	0.59736256546992	-15.030197483352
704.19000000000	0.59673552426592	-19.916418048179
704.80000000000	0.59576991870185	-24.815973256327
705.41000000000	0.59444774424076	-29.723514107209
706.02000000000	0.59276177639936	-34.633432455511
706.63000000000	0.59071582268467	-39.540052138545
707.24000000000	0.58832444595582	-44.437821022427
707.85000000000	0.58561218675782	-49.321493994207
708.46000000000	0.58261235111238	-54.186297859771
709.07000000000	0.57936546072616	-59.028070744684
709.68000000000	0.57591748123745	-63.843370725706
710.29000000000	0.57231794970571	-68.629550782650
710.90000000000	0.56861811590613	-73.384799490164
711.51000000000	0.56486919564200	-78.108148944977
712.12000000000	0.56112081168877	-82.799453092957
712.73000000000	0.55741967275767	-87.459340805342
713.34000000000	0.55380851617452	-92.089148746023
713.95000000000	0.55032531814743	-96.690839312269
714.56000000000	0.54700275794763	-101.26690878907
715.17000000000	0.54386790962689	-105.82029041291
715.78000000000	0.54094212699467	-110.35425637629
716.39000000000	0.53824108403322	-114.87232199875
717.00000000000	0.53577493308109	-119.37815441945
717.61000000000	0.53354854621852	-123.87548730298
718.22000000000	0.53156181057057	-128.36804226229
718.83000000000	0.52980995494636	-132.85945704859
719.44000000000	0.52828389262684	-137.35322008318
720.05000000000	0.52697057252188	-141.85261063524
720.66000000000	0.52585333773775	-146.36064388764
721.27000000000	0.52491229632317	-150.88002026247
721.88000000000	0.52412471319714	-155.41307866615
722.49000000000	0.52346543472184	-159.96175371418
723.10000000000	0.52290735789239	-164.52753745523
723.71000000000	0.52242195460553	-169.11144657768
724.32000000000	0.52197985798374	-173.71399649455
724.93000000000	0.52155151244286	-178.33518401389
725.54000000000	0.52110788241899	177.02551953424
726.15000000000	0.52062120691027	172.36916286301
726.76000000000	0.52006577891263	167.69729536370
727.37000000000	0.51941872126873	163.01193263272
727.98000000000	0.51866072433043	158.31550636364
728.59000000000	0.51777670707313	153.61079889596
729.20000000000	0.51675636266152	148.90086364226
729.81000000000	0.51559455242345	144.18893357772
730.42000000000	0.51429151880034	139.47832088181
731.03000000000	0.51285289769239	134.77231158018
731.64000000000	0.51128952283503	130.07405956655
732.25000000000	0.50961702821975	125.38648463156
732.86000000000	0.50785526773730	120.71217906074
733.47000000000	0.50602758285703	116.05332698846
734.08000000000	0.50415995819160	111.41164004127
734.69000000000	0.50228011054072	106.78831192351
735.30000000000	0.50041655919668	102.18399355457
735.91000000000	0.49859772405049	97.598789229361
736.52000000000	0.49685109376795	93.032273108275
737.13000000000	0.49520249958053	88.483524216770
737.74000000000	0.49367552167841	83.951177114453
738.35000000000	0.49229104541860	79.433484546853
738.96000000000	0.49106697416433	74.928387790922
739.57000000000	0.49001809515488	70.433590112269
740.18000000000	0.48915608501087	65.946628817849
740.79000000000	0.48848963299419	61.464941830775
741.40000000000	0.48802465365505	56.985925509346
742.01000000000	0.48776455660234	52.506981505902
742.62000000000	0.48771054020712	48.025551693646
743.23000000000	0.48786187814142	43.539141434475
743.84000000000	0.48821617244014	39.045332568674
744.45000000000	0.48876955357881	34.541788353524
745.06000000000	0.48951681597629	30.026253084224
745.67000000000	0.49045148538286	25.496549276043
746.28000000000	0.49156582192630	20.950575104812
746.89000000000	0.49285076852405	16.386304367990
747.50000000000	0.49429585859296	11.801790636346
748.11000000000	0.49588909946192	7.1951766128389
748.72000000000	0.49761684881103	2.5647090823027
749.33000000000	0.49946370115913	-2.0912407197508
749.94000000000	0.50141240027510	-6.7741519373740
750.55000000000	0.50344379173963	-11.485325071132
751.16000000000	0.50553682798996	-16.225850271027
751.77000000000	0.50766863619370	-20.996574246923
752.38000000000	0.50981465727559	-25.798067163889
752.99000000000	0.51194886233942	-30.630590910792
753.60000000000	0.51404405051412	-35.494070125392
754.21000000000	0.51607222981188	-40.388067341611
754.82000000000	0.51800507981887	-45.311763604211
755.43000000000	0.51981449186494	-50.263945877515
756.04000000000	0.52147317868074	-55.243002558776
756.65000000000	0.52295534142369	-60.246928389073
757.26000000000	0.52423737735478	-65.273340024945
757.87000000000	0.52529860643908	-70.319503474167
758.48000000000	0.52612198986439	-75.382374480808
759.09000000000	0.52669480816864	-80.458652728514
759.70000000000	0.52700926173508	-85.544850367158
760.31000000000	0.52706295244898	-90.637374801279
760.92000000000	0.52685920312672	-95.732624859227
761.53000000000	0.52640717194908	-100.82709836051
762.14000000000	0.52572172368152	-105.91750773022
762.75000000000	0.52482302898542	-111.00089875389
763.36000000000	0.52373587826977	-116.07476598836
763.97000000000	0.52248871722032	-121.13715699649
764.58000000000	0.52111243621526	-126.18675677253
765.19000000000	0.51963897288495	-131.22294380235
765.80000000000	0.51809981252467	-136.24581042184
766.41000000000	0.51652449064943	-141.25614260245
767.02000000000	0.51493921151292	-146.25535787120
767.63000000000	0.51336569281995	-151.24540436244
768.24000000000	0.51182032908324	-156.22862837072
768.85000000000	0.51031373560749	-161.20762149371
769.46000000000	0.50885069589918	-166.18506084212
770.07000000000	0.50743049312518	-171.16355640268
770.68000000000	0.50604756734139	-176.14551836333
771.29000000000	0.50469241006824	178.86694569978
771.90000000000	0.50335259003218	173.87209787619
772.51000000000	0.50201379976473	168.86859973984
773.12000000000	0.50066082119433	163.85550764467
773.73000000000	0.49927832660059	158.83223967326
774.34000000000	0.49785145567483	153.79852288895
774.95000000000	0.49636613629521	148.75433100035
775.56000000000	0.49480914304467	143.69982315339
776.17000000000	0.49316791170726	138.63529460656
776.78000000000	0.49143014945921	133.56114983094
777.39000000000	0.48958329928127	128.47790829349
778.00000000000	0.48761393099456	123.38625244784
778.61000000000	0.48550712684235	118.28712315703
779.22000000000	0.48324588574525	113.18184059393
779.83000000000	0.48081109144346	108.07207698829
780.44000000000	0.47819062316288	102.95958570021
781.05000000000	0.47538987768417	97.849655236705
781.66000000000	0.47238830060696	92.749852871249
782.27000000000	0.46918831594462	87.666062169379
782.88000000000	0.46582722693129	82.605993620404
783.49000000000	0.46237453914870	77.577550890872
784.10000000000	0.45893665492818	72.586106134741
784.71000000000	0.45565010726216	67.631168403809
785.32000000000	0.45265624748533	62.703253035554
785.93000000000	0.45005895651124	57.782869540027
786.54000000000	0.44788040899594	52.843408750924
787.15000000000	0.44603869984027	47.857710898398
787.76000000000	0.44436262317143	42.805432219837
788.37000000000	0.44263619153158	37.677597757680
788.98000000000	0.44064883970880	32.476801017801
789.59000000000	0.43823024649134	27.214244679203
790.20000000000	0.43526360360372	21.905888327515
790.81000000000	0.43168294884351	16.569314190262
791.42000000000	0.42746321243578	11.221814801979
792.03000000000	0.42260920852790	5.8795128657246
792.64000000000	0.41714644303229	0.55712622505899
793.25000000000	0.41111436416332	-4.7319453316352
793.86000000000	0.40456169048901	-9.9754075503411
794.47000000000	0.39754322818836	-15.161825672286
795.08000000000	0.39011769768052	-20.280373457636
795.69000000000	0.38234628484499	-25.320574218813
796.30000000000	0.37429181241180	-30.272019454671
796.91000000000	0.36601856673752	-35.124051495223
797.52000000000	0.35759291829443	-39.865405978267
798.13000000000	0.34908495131527	-44.483828428532
798.74000000000	0.34057137272581	-48.965710818937
799.35000000000	0.33213998828162	-53.295846405738
799.96000000000	0.32389596786663	-57.457484463507
800.57000000000	0.31596987368303	-61.432988733817
801.18000000000	0.30852682705907	-65.205556415906
801.79000000000	0.30177501956937	-68.762583547983
802.40000000000	0.29596987433045	-72.101215665345
803.01000000000	0.29140778233411	-75.236111971648
803.62000000000	0.28840173798059	-78.208143254969
804.23000000000	0.28723310417752	-81.090673186103
804.84000000000	0.28808231892256	-83.988358534805
805.45000000000	0.29095634023878	-87.024381011066
806.06000000000	0.29564370861094	-90.317280430747
806.67000000000	0.30172549493834	-93.955648071010
807.28000000000	0.30864660566730	-97.981753687812
807.89000000000	0.31582092322441	-102.39034320350
808.50000000000	0.32272873710291	-107.14032325027
809.11000000000	0.32897503857608	-112.17172005255
809.72000000000	0.33430057617094	-117.42094929465
810.33000000000	0.33856546730319	-122.83166753748
810.94000000000	0.34172831861882	-128.35593356355
811.55000000000	0.34378186583317	-133.95369979066
812.16000000000	0.34474135710604	-139.59453872309
812.77000000000	0.34463803672362	-145.25298975581
813.38000000000	0.34351148478052	-150.90583057792
813.99000000000	0.34141144577014	-156.53043058564
814.60000000000	0.33840352716512	-162.10390700756
815.21000000000	0.33457513197919	-167.60310527727
815.82000000000	0.33003917851075	-173.00529473097
816.43000000000	0.32493415088837	-178.28937670032
817.04000000000	0.31942009349282	176.56265409882
817.65000000000	0.31367115908230	171.56426893771
818.26000000000	0.30786603564221	166.72322827627
818.87000000000	0.30217786994687	162.04084248873
819.48000000000	0.29676516833118	157.51175486462
820.09000000000	0.29176471018262	153.12424475400
820.70000000000	0.28728694741220	148.86098027062
821.31000000000	0.28341385777342	144.70010739581
821.92000000000	0.28019887448085	140.61654511617
822.53000000000	0.27766835248557	136.58335921150
823.14000000000	0.27582402071727	132.57310394132
823.75000000000	0.27464595468440	128.55904513719
824.36000000000	0.27409573228866	124.51620516661
824.97000000000	0.27411956857549	120.42219601738
825.58000000000	0.27465133856216	116.25782849382
826.19000000000	0.27561547906147	112.00750148922
826.80000000000	0.27692980584958	107.65938508046
827.41000000000	0.27850829162078	103.20541563659
828.02000000000	0.28026382660353	98.641122069655
828.63000000000	0.28211093487890	93.965302031406
829.24000000000	0.28396835662446	89.179567319395
829.85000000000	0.28576134413256	84.287780313158
830.46000000000	0.28742347285138	79.295408206021
831.07000000000	0.28889775043906	74.208828431116
831.68000000000	0.29013682251317	69.034625616504
832.29000000000	0.29110211884388	63.778925864783
832.90000000000	0.29176184448806	58.446815396312
833.51000000000	0.29208779477895	53.041881388502
834.12000000000	0.29205116203773	47.565887148941
834.73000000000	0.29161806513082	42.018609090826
835.34000000000	0.29074576956669	36.398100882514
835.95000000000	0.28937827938893	30.701738495208
836.56000000000	0.28744007512745	24.927627972099
837.17000000000	0.28483223123316	19.076117490243
837.78000000000	0.28143383174572	13.152049953721
838.39000000000	0.27710900192407	7.1679422526313
839.00000000000	0.27172143218222	1.1477547542481
839.61000000000	0.26515850881851	-4.8693369420814
840.22000000000	0.25736472969502	-10.826208606688
840.83000000000	0.24837927357453	-16.647686180456
841.44000000000	0.23836637259161	-22.244871928040
842.05000000000	0.22762308241326	-27.524892908232
842.66000000000	0.21655299216530	-32.404885197938
843.27000000000	0.20560929928183	-36.826389046516
843.88000000000	0.19522845423866	-40.765864279499
844.49000000000	0.18577801587179	-44.240379966114
845.10000000000	0.17752184815698	-47.310704456041
845.71000000000	0.17058669361673	-50.080004986383
846.32000000000	0.16493029524871	-52.678994640361
846.93000000000	0.16033988939340	-55.235064783654
847.54000000000	0.15647111202165	-57.835332971763
848.15000000000	0.15293579788756	-60.492948808211
848.76000000000	0.14943346446065	-63.139004344004
849.37000000000	0.14585274904417	-65.648936426028
849.98000000000	0.14230132322415	-67.886728880064
850.59000000000	0.13906405620279	-69.752202545485
851.20000000000	0.13651065006623	-71.216530561753
851.81000000000	0.13499342419640	-72.334947642209
852.42000000000	0.13477006449702	-73.233647211737
853.03000000000	0.13596829591343	-74.076958399897
853.64000000000	0.13859112861034	-75.028549680170
854.25000000000	0.14254861204480	-76.221292526493
854.86000000000	0.14769817776731	-77.743476810987
855.47000000000	0.15387979917714	-79.639972064911
856.08000000000	0.16093973306485	-81.921861143702
856.69000000000	0.16874282057203	-84.578167679230
857.30000000000	0.17717632905136	-87.585906566789
857.91000000000	0.18614874477291	-90.917200813492
858.52000000000	0.19558615439559	-94.543651581372
859.13000000000	0.20542786866329	-98.438661977832
859.74000000000	0.21562216808435	-102.57842812947
860.35000000000	0.22612256155296	-106.94214642728
860.96000000000	0.23688468393730	-111.51180476636
861.57000000000	0.24786383516735	-116.27178365555
862.18000000000	0.25901311728032	-121.20839691244
862.79000000000	0.27028211666883	-126.30944177861
863.40000000000	0.28161608357376	-131.56379307013
864.01000000000	0.29295556793355	-136.96105614228
864.62000000000	0.30423647475610	-142.49128265326
865.23000000000	0.31539050159069	-148.14474737150
865.84000000000	0.32634591591617	-153.91178123075
866.45000000000	0.33702862298315	-159.78265419527
867.06000000000	0.34736346704035	-165.74750060729
867.67000000000	0.35727570311595	-171.79627928595
868.28000000000	0.36669257428153	-177.91876066939
868.89000000000	0.37554493138851	175.89546624046
869.50000000000	0.38376883836261	169.65697344394
870.11000000000	0.39130711503417	163.37646498139
870.72000000000	0.39811077930869	157.06474273472
871.33000000000	0.40414035928977	150.73266846577
871.94000000000	0.40936705225313	144.39112179808
872.55000000000	0.41377371050771	138.05095232776
873.16000000000	0.41735563454842	131.72292291791
873.77000000000	0.42012115272240	125.41764055938
874.38000000000	0.42209196549422	119.14547094774
874.99000000000	0.42330323269469	112.91643304535
875.60000000000	0.42380338450997	106.74007024767
876.21000000000	0.42365364098911	100.62529526358
876.82000000000	0.42292722908943	94.580206455574
877.43000000000	0.42170828876361	88.611874326816
878.04000000000	0.42009045859410	82.726098435914
878.65000000000	0.41817512649553	76.927137782098
879.26000000000	0.41606932367094	71.217422211268
879.87000000000	0.41388323465931	65.597259080016
880.48000000000	0.41172729987468	60.064558242932
881.09000000000	0.40970890789152	54.614608499462
881.70000000000	0.40792872032103	49.239947857565
882.31000000000	0.40647674540444	43.930375018113
882.92000000000	0.40542837188491	38.673146338909
883.53000000000	0.40484067544812	33.453387781464
884.14000000000	0.40474938842251	28.254724014545
884.75000000000	0.40516694695714	23.060090145909
885.36000000000	0.40608197205522	17.852653279999
885.97000000000	0.40746039395016	12.616741942963
886.58000000000	0.40924821297745	7.3386712199505
887.19000000000	0.41137564967734	2.0073649930601
887.80000000000	0.41376223037565	-3.3852887933697
888.41000000000	0.41632223274848	-8.8443678410371
889.02000000000	0.41896990482503	-14.372102997393
889.63000000000	0.42162396416137	-19.968262757575
890.24000000000	0.42421104819554	-25.630657564972
890.85000000000	0.42666797601567	-31.355687290384
891.46000000000	0.42894285306883	-37.138868377822
892.07000000000	0.43099517523582	-42.975296563429
892.68000000000	0.43279515686416	-48.860021106320
893.29000000000	0.43432252389580	-54.788323225305
893.90000000000	0.43556499256172	-60.755903105491
894.51000000000	0.43651661352920	-66.758986314639
895.12000000000	0.43717611620111	-72.794362699740
895.73000000000	0.43754534882944	-78.859370220591
896.34000000000	0.43762788278878	-84.951834114008
896.95000000000	0.43742783521990	-91.069969380453
897.56000000000	0.43694896302039	-97.212252632839
898.17000000000	0.43619409296716	-103.37726867538
898.78000000000	0.43516497553381	-109.56353943524
899.39000000000	0.43386266621402	-115.76935074016
900.00000000000	0.43228849768782	-121.99260691387
#
#"Frequency / GHz"	"S2,4 [Mag]"	"S2,4 [Pha in deg.]"
#---------------------------------------------------
290.00000000000	0.27771903301425	-167.79099062444
290.61000000000	0.26809108865283	-171.99060185522
291.22000000000	0.25879455818835	-176.05114780125
291.83000000000	0.24987747591569	-179.96751270785
292.44000000000	0.24138836593792	176.26408860489
293.05000000000	0.23337558865485	172.64551554779
293.66000000000	0.22588632078160	169.17604977022
294.27000000000	0.21896518616190	165.85173993215
294.88000000000	0.21265259571515	162.66481765863
295.49000000000	0.20698289991227	159.60327490459
296.10000000000	0.20198250048433	156.65069700816
296.71000000000	0.19766810101828	153.78643147509
297.32000000000	0.19404528852822	150.98613661529
297.93000000000	0.19110762131718	148.22269935658
298.54000000000	0.18883634925202	145.46744835247
299.15000000000	0.18720081646405	142.69153302335
299.76000000000	0.18615950793363	139.86730776079
300.37000000000	0.18566162009065	136.96956293323
300.98000000000	0.18564897970340	133.97647932899
301.59000000000	0.18605811536591	130.87023866824
302.20000000000	0.18682230145164	127.63728309834
302.81000000000	0.18787343584309	124.26826610740
303.42000000000	0.18914366588486	120.75776743422
304.03000000000	0.19056672833798	117.10385422000
304.64000000000	0.19207900934432	113.30756424869
305.25000000000	0.19362035555307	109.37237138205
305.86000000000	0.19513467809219	105.30367453977
306.47000000000	0.19657039021851	101.10833428059
307.08000000000	0.19788071154914	96.794267551009
307.69000000000	0.19902386091062	92.370102116121
308.30000000000	0.19996314936356	87.844887130719
308.91000000000	0.20066697711378	83.227854313822
309.52000000000	0.20110873398422	78.528224222854
310.13000000000	0.20126660313999	73.755053271544
310.74000000000	0.20112327135435	68.917118696668
311.35000000000	0.20066555530029	64.022840172888
311.96000000000	0.19988396091840	59.080237916339
312.57000000000	0.19877220057178	54.096927769535
313.18000000000	0.19732669931014	49.080153887181
313.79000000000	0.19554612622385	44.036859266268
314.40000000000	0.19343098893741	38.973793527763
315.01000000000	0.19098332836552	33.897656102926
315.62000000000	0.18820654668534	28.815271335434
316.23000000000	0.18510539390642	23.733790007883
316.84000000000	0.18168612735907	18.660909481120
317.45000000000	0.17795684392933	13.605102088952
318.06000000000	0.17392796732596	8.5758388312169
318.67000000000	0.16961285301412	3.5837930323569
319.28000000000	0.16502845345267	-1.3589931412022
319.89000000000	0.16019596860462	-6.2389971441565
320.50000000000	0.15514139478931	-11.041176618094
321.11000000000	0.14989588243802	-15.749016764779
321.72000000000	0.14449582308341	-20.344675161016
322.33000000000	0.13898260896082	-24.809229363702
322.94000000000	0.13340204312798	-29.123026975515
323.55000000000	0.12780341914919	-33.266132820073
324.16000000000	0.12223832991974	-37.218864480014
324.77000000000	0.11675929722974	-40.962406177775
325.38000000000	0.11141833077095	-44.479491476285
325.99000000000	0.10626552445078	-47.755146139050
326.60000000000	0.10134778038214	-50.777481331846
327.21000000000	0.096707721991945	-53.538521270375
327.82000000000	0.092382824988564	-56.035035896976
328.43000000000	0.088404766435409	-58.269327366962
329.04000000000	0.084798974154698	-60.249891412319
329.65000000000	0.081584354104546	-61.991847816285
330.26000000000	0.078773181111303	-63.517019422090
330.87000000000	0.076371153304732	-64.853549349417
331.48000000000	0.074377624978117	-66.034991012889
332.09000000000	0.072786038255702	-67.098884544360
332.70000000000	0.071584565601894	-68.084931035330
333.31000000000	0.070756953016209	-69.032964789715
333.92000000000	0.070283523928295	-69.980973286872
334.53000000000	0.070142276284664	-70.963406188802
335.14000000000	0.070309989500772	-72.009950993082
335.75000000000	0.070763258675627	-73.144856186016
336.36000000000	0.071479389454554	-74.386784005576
336.97000000000	0.072437112220817	-75.749100103249
337.58000000000	0.073617101409305	-77.240468776896
338.19000000000	0.075002308580691	-78.865618265276
338.80000000000	0.076578133272139	-80.626160357127
339.41000000000	0.078332463162471	-82.521379617642
340.02000000000	0.080255616204803	-84.548939626158
340.63000000000	0.082340214252256	-86.705480638517
341.24000000000	0.084581012390935	-88.987102696887
341.85000000000	0.086974702248967	-91.389740583825
342.46000000000	0.089519701932822	-93.909443562153
343.07000000000	0.092215940424032	-96.542575279649
343.68000000000	0.095064640386658	-99.285949086717
344.29000000000	0.098068100333584	-102.13691248514
344.90000000000	0.10122947483893	-105.09339228589
345.51000000000	0.10455254981038	-108.15390978466
346.12000000000	0.10804150861845	-111.31757312401
346.73000000000	0.11170068403051	-114.58405211882
347.34000000000	0.11553429037834	-117.95353920930
347.95000000000	0.11954613021222	-121.42669886719
348.56000000000	0.12373926993187	-125.00460668931
349.17000000000	0.12811567965547	-128.68867854530
349.78000000000	0.13267583406538	-132.48058948694
350.39000000000	0.13741827336816	-136.38218167361
351.00000000000	0.14233912706710	-140.39536033688
351.61000000000	0.14743160819971	-144.52197682880
352.22000000000	0.15268549220752	-148.76369811932
352.83000000000	0.15808660269964	-153.12186278161
353.44000000000	0.16361633579980	-157.59732458217
354.05000000000	0.16925126488868	-162.19028630636
354.66000000000	0.17496287719983	-166.90012838652
355.27000000000	0.18071750112297	-171.72523917565
355.88000000000	0.18647648587160	-176.66285613662
356.49000000000	0.19219669071568	178.29107051075
357.10000000000	0.19783132677986	173.14197845062
357.71000000000	0.20333116893409	167.89674440060
358.32000000000	0.20864611889850	162.56367284852
358.93000000000	0.21372705636500	157.15241246291
359.54000000000	0.21852786868143	151.67379519926
360.15000000000	0.22300750980540	146.13959978371
360.76000000000	0.22713191491382	140.56224884274
361.37000000000	0.23087559568836	134.95445632507
361.98000000000	0.23422276618116	129.32884774881
362.59000000000	0.23716789785622	123.69757908519
363.20000000000	0.23971566680591	118.07198010859
363.81000000000	0.24188032443247	112.46224479542
364.42000000000	0.24368458266433	106.87718549121
365.03000000000	0.24515814632324	101.32406019941
365.64000000000	0.24633604371158	95.808474759244
366.25000000000	0.24725690235701	90.334355016011
366.86000000000	0.24796129492758	84.903979127069
367.47000000000	0.24849024768528	79.518057223709
368.08000000000	0.24888396773375	74.175844690224
368.69000000000	0.24918081161250	68.875275969685
369.30000000000	0.24941649024630	63.613107568720
369.91000000000	0.24962348548220	58.385061312707
370.52000000000	0.24983064135642	53.185961479873
371.13000000000	0.25006288769791	48.009861919131
371.74000000000	0.25034105311081	42.850161455850
372.35000000000	0.25068172720329	37.699707738369
372.96000000000	0.25109713683671	32.550891174923
373.57000000000	0.25159500724823	27.395731797433
374.18000000000	0.25217838566346	22.225962823108
374.79000000000	0.25284541235453	17.033115420348
375.40000000000	0.25358903221332	11.808609754625
376.01000000000	0.25439664922052	6.5438577923742
376.62000000000	0.25524973722701	1.2303835328835
377.23000000000	0.25612343371499	-4.1400337741735
377.84000000000	0.25698615891673	-9.5751884312208
378.45000000000	0.25779932055583	-15.082245328538
379.06000000000	0.25851718337874	-20.667503497359
379.67000000000	0.25908700013788	-26.336127598849
380.28000000000	0.25944951279691	-32.091853076263
380.89000000000	0.25953993391798	-37.936676100266
381.50000000000	0.25928950193538	-43.870545547567
382.11000000000	0.25862766420765	-49.891080278842
382.72000000000	0.25748487500871	-55.993339697138
383.33000000000	0.25579590431190	-62.169677420119
383.94000000000	0.25350344800805	-68.409705305709
384.55000000000	0.25056173085162	-74.700386901312
385.16000000000	0.24693972617224	-81.026265535342
385.77000000000	0.24262360717985	-87.369814103408
386.38000000000	0.23761810976065	-93.711874034397
386.99000000000	0.23194662387946	-100.03213393246
387.60000000000	0.22565001626640	-106.30958802826
388.21000000000	0.21878438044137	-112.52291377319
388.82000000000	0.21141806629524	-118.65071761891
389.43000000000	0.20362842545628	-124.67161702855
390.04000000000	0.19549870609186	-130.56415231945
390.65000000000	0.18711544979563	-136.30655087821
391.26000000000	0.17856660849732	-141.87639611818
391.87000000000	0.16994044194313	-147.25028297884
392.48000000000	0.16132510423294	-152.40357046865
393.09000000000	0.15280870096748	-157.31036925536
393.70000000000	0.14447950793808	-161.94392610918
394.31000000000	0.13642599340765	-166.27758000962
394.92000000000	0.12873628256820	-170.28645242371
395.53000000000	0.12149675018291	-173.94997298354
396.14000000000	0.11478953485819	-177.25520152803
396.75000000000	0.10868894711267	179.79933476793
397.36000000000	0.10325699851850	177.19990134700
397.97000000000	0.098538591133848	174.91485578995
398.58000000000	0.094557206429495	172.89407612988
399.19000000000	0.091312093763647	171.07135338435
399.80000000000	0.088777835390011	169.36984107703
400.41000000000	0.086906695673815	167.70963503528
401.02000000000	0.085633463611553	166.01575155638
401.63000000000	0.084881850413737	164.22464484725
402.24000000000	0.084571190637444	162.28802658953
402.85000000000	0.084622316513688	160.17374179487
403.46000000000	0.084961904015880	157.86429594952
404.07000000000	0.085525090370141	155.35401679007
404.68000000000	0.086256546793567	152.64578781456
405.29000000000	0.087110386602249	149.74800837689
405.90000000000	0.088049323894333	146.67211594228
406.51000000000	0.089043437403523	143.43076112942
407.12000000000	0.090068798268484	140.03658243110
407.73000000000	0.091106127415850	136.50146617307
408.34000000000	0.092139574834736	132.83616736884
408.95000000000	0.093155662466706	129.05018252842
409.56000000000	0.094142401537443	125.15178937477
410.17000000000	0.095088578800838	121.14819198419
410.78000000000	0.095983199542671	117.04572945044
411.39000000000	0.096815074549571	112.85012093923
412.00000000000	0.097572540936124	108.56673035947
412.61000000000	0.098243310949966	104.20084064622
413.22000000000	0.098814447434018	99.757931632390
413.83000000000	0.099272468645229	95.243957331640
414.44000000000	0.099603587892997	90.665618618007
415.05000000000	0.099794094288062	86.030626055911
415.66000000000	0.099830879087403	81.347945166694
416.27000000000	0.099702106980719	76.628012805430
416.88000000000	0.099398022561747	71.882908651041
417.49000000000	0.098911868765413	67.126460255070
418.10000000000	0.098240876291725	62.374254021947
418.71000000000	0.097387261785573	57.643518631693
419.32000000000	0.096359149646971	52.952843031163
419.93000000000	0.095171310930437	48.321690209769
420.54000000000	0.093845597309982	43.769673385584
421.15000000000	0.092410944082872	39.315576525980
421.76000000000	0.090902829634293	34.976129975372
422.37000000000	0.089362114899667	30.764596652163
422.98000000000	0.087833247842013	26.689283251360
423.59000000000	0.086361902756383	22.752155641666
424.20000000000	0.084992223196549	18.947790515350
424.81000000000	0.083763932904544	15.262910993662
425.42000000000	0.082709646550548	11.676707261215
426.03000000000	0.081852725195960	8.1620239058497
426.64000000000	0.081205962914583	4.6873217169085
427.25000000000	0.080771263723708	1.2191428705933
427.86000000000	0.080540299619984	-2.2753113706531
428.47000000000	0.080495976582524	-5.8258952641015
429.08000000000	0.080614421200126	-9.4578347517780
429.69000000000	0.080867162121915	-13.190790615834
430.30000000000	0.081223215700504	-17.038644295038
430.91000000000	0.081650869253304	-21.009858018879
431.52000000000	0.082119055376680	-25.108204570735
432.13000000000	0.082598299388251	-29.333666145741
432.74000000000	0.083061284439916	-33.683343469865
433.35000000000	0.083483112456212	-38.152271255010
433.96000000000	0.083841348860851	-42.734086910875
434.57000000000	0.084115933009420	-47.421537850797
435.18000000000	0.084289021864288	-52.206837176505
435.79000000000	0.084344817300721	-57.081890192412
436.40000000000	0.084269410941755	-62.038418508815
437.01000000000	0.084050666285759	-67.068007671458
437.62000000000	0.083678146690100	-72.162100757589
438.23000000000	0.083143089463232	-77.311955828219
438.84000000000	0.082438420578811	-82.508580472027
439.45000000000	0.081558800965378	-87.742652405044
440.06000000000	0.080500693559376	-93.004431405602
440.67000000000	0.079262439984804	-98.283664815088
441.28000000000	0.077844336511627	-103.56948639384
441.89000000000	0.076248700532847	-108.85030642488
442.50000000000	0.074479920886120	-114.11368952606
443.11000000000	0.072544487655425	-119.34621557587
443.72000000000	0.070450999398547	-124.53331839044
444.33000000000	0.068210147910626	-129.65909623660
444.94000000000	0.065834682601622	-134.70608790296
445.55000000000	0.063339358378262	-139.65500795393
446.16000000000	0.060740872688519	-144.48443523658
446.77000000000	0.058057799233349	-149.17045031405
447.38000000000	0.055310527836858	-153.68622146317
447.99000000000	0.052521221984806	-158.00154733789
448.60000000000	0.049713807178060	-162.08238098289
449.21000000000	0.046914003586932	-165.89039037816
449.82000000000	0.044149413831689	-169.38266378414
450.43000000000	0.041449668158450	-172.51175541194
451.04000000000	0.038846610274823	-175.22640027860
451.65000000000	0.036374471286318	-177.47340934638
452.26000000000	0.034069919612884	-179.20145698224
452.87000000000	0.031971789165782	179.63241738041
453.48000000000	0.030120191548171	179.05300299148
454.09000000000	0.028554664592330	179.05418608965
454.70000000000	0.027311107857341	179.58569379205
455.31000000000	0.026417633452575	-179.45562799550
455.92000000000	0.025890121296556	-178.22352978079
456.53000000000	0.025728899666991	-176.90515334322
457.14000000000	0.025917999114188	-175.69204007620
457.75000000000	0.026427535356594	-174.74961634783
458.36000000000	0.027218436256614	-174.19641624357
458.97000000000	0.028247883089490	-174.09821671284
459.58000000000	0.029473963492829	-174.47459657729
460.19000000000	0.030858784071501	-175.31162240213
460.80000000000	0.032370032362163	-176.57502305504
461.41000000000	0.033981373794722	-178.22079987019
462.02000000000	0.035672141132683	179.79751212618
462.63000000000	0.037426680505472	177.52449842870
463.24000000000	0.039233588395669	175.00062502539
463.85000000000	0.041084967618894	172.26134815460
464.46000000000	0.042975760504469	169.33701007017
465.07000000000	0.044903177799531	166.25314838010
465.68000000000	0.046866222024900	163.03099227542
466.29000000000	0.048865295716469	159.68801671281
466.90000000000	0.050901882673401	156.23848624912
467.51000000000	0.052978290784572	152.69395574337
468.12000000000	0.055097446494950	149.06371490708
468.73000000000	0.057262732654151	145.35517407288
469.34000000000	0.059477862984372	141.57419359753
469.95000000000	0.061746787578917	137.72536144926
470.56000000000	0.064073624674961	133.81222416859
471.17000000000	0.066462614464481	129.83747633238
471.78000000000	0.068918090963858	125.80311332664
472.39000000000	0.071444468009556	121.71055186399
473.00000000000	0.074046235338555	117.56072236752
473.61000000000	0.076727960500209	113.35413711735
474.22000000000	0.079494292080225	109.09093791596
474.83000000000	0.082349959442908	104.77092695400
475.44000000000	0.085299763955268	100.39358452125
476.05000000000	0.088348556481227	95.958077180648
476.66000000000	0.091501195856155	91.463259983702
477.27000000000	0.094762483099196	86.907676234428
477.88000000000	0.098137066322493	82.289558196126
478.49000000000	0.10162931168966	77.606831975018
479.10000000000	0.10524313641231	72.857129605314
479.71000000000	0.10898180072658	68.037811100431
480.32000000000	0.11284765716057	63.145998920542
480.93000000000	0.11684185731373	58.178626926599
481.54000000000	0.12096401896136	53.132505425337
482.15000000000	0.12521185970961	48.004403328127
482.76000000000	0.12958080775517	42.791147709908
483.37000000000	0.13406360555247	37.489740119497
483.98000000000	0.13864992819636	32.097487822396
484.59000000000	0.14332604468526	26.612146734154
485.20000000000	0.14807455621144	21.032071147547
485.81000000000	0.15287425015499	15.356363550607
486.42000000000	0.15770011013665	9.5850160325311
487.03000000000	0.16252351975102	3.7190332248575
487.64000000000	0.16731268902896	-2.2394742532695
488.25000000000	0.17203331741405	-8.2872369236385
488.86000000000	0.17664948530805	-14.419824010972
489.47000000000	0.18112473977709	-20.631698602418
490.08000000000	0.18542331219179	-26.916333403357
490.69000000000	0.18951138110823	-33.266384756194
491.30000000000	0.19335827774808	-39.673916701289
491.91000000000	0.19693752835779	-46.130661264284
492.52000000000	0.20022763972419	-52.628296777874
493.13000000000	0.20321256034863	-59.158723681967
493.74000000000	0.20588178625052	-65.714317355389
494.35000000000	0.20823012082934	-72.288140121092
494.96000000000	0.21025713570041	-78.874099184788
495.57000000000	0.21196640798459	-85.467043127561
496.18000000000	0.21336462554245	-92.062795750360
496.79000000000	0.21446065429371	-98.658131706588
497.40000000000	0.21526465275604	-105.25070282951
498.01000000000	0.21578730159876	-111.83892703479
498.62000000000	0.21603919422548	-118.42185311217
499.23000000000	0.21603041172949	-124.99901478611
499.84000000000	0.21577028470395	-131.57028641156
500.45000000000	0.21526732701727	-138.13575090183
501.06000000000	0.21452931357473	-144.69558825279
501.67000000000	0.21356346544188	-151.24999056981
502.28000000000	0.21237670129154	-157.79910700106
502.89000000000	0.21097591356287	-164.34301956657
503.50000000000	0.20936823050738	-170.88174865554
504.11000000000	0.20756123089034	-177.41528503818
504.72000000000	0.20556308586608	176.05635631149
505.33000000000	0.20338261168827	169.53306638563
505.94000000000	0.20102922658870	163.01456270725
506.55000000000	0.19851281447061	156.50030676691
507.16000000000	0.19584350620671	149.98942437639
507.77000000000	0.19303139571558	143.48063409121
508.38000000000	0.19008621237096	136.97218757000
508.99000000000	0.18701697393268	130.46182414348
509.60000000000	0.18383164598898	123.94674007072
510.21000000000	0.18053683664166	117.42357123971
510.82000000000	0.17713756141407	110.88838729748
511.43000000000	0.17363712474141	104.33669791143
512.04000000000	0.17003717373697	97.763483767535
512.65000000000	0.16633795073384	91.163292890579
513.26000000000	0.16253862166419	84.530475614772
513.87000000000	0.15863726757186	77.859595004803
514.48000000000	0.15463008428820	71.145840985777
515.09000000000	0.15051019929111	64.385068378424
515.70000000000	0.14626753728815	57.573373690875
516.31000000000	0.14189032382442	50.706714620158
516.92000000000	0.13736705201407	43.780991756988
517.53000000000	0.13268777753128	36.792433844325
518.14000000000	0.12784476283014	29.737956372616
518.75000000000	0.12283293520882	22.615362582100
519.36000000000	0.11765040773713	15.423404492160
519.97000000000	0.11229906910624	8.1617401497453
520.58000000000	0.10678515313523	0.83079719198025
521.19000000000	0.10111968800889	-6.5684696399925
521.80000000000	0.095318741604431	-14.034951886780
522.41000000000	0.089403403336794	-21.567924472415
523.02000000000	0.083399472331368	-29.167788698657
523.63000000000	0.077336856437015	-36.837079829856
524.24000000000	0.071248724852150	-44.581829192816
524.85000000000	0.065170495483690	-52.413428716534
525.46000000000	0.059138773239886	-60.351251797829
526.07000000000	0.053190386724071	-68.426477796368
526.68000000000	0.047361704098929	-76.687925680578
527.29000000000	0.041688462184018	-85.211382921111
527.90000000000	0.036206458059847	-94.115248193769
528.51000000000	0.030953724759789	-103.58798130819
529.12000000000	0.025975465854690	-113.93822537614
529.73000000000	0.021334591765259	-125.68836504615
530.34000000000	0.017134304365633	-139.74266790827
530.95000000000	0.013565341719863	-157.61169066986
531.56000000000	0.010982491025209	178.79259606359
532.17000000000	0.0098891797796720	149.64439672022
532.78000000000	0.010505658627201	120.64046454407
533.39000000000	0.012393460664132	97.388810406084
534.00000000000	0.014941044025164	79.978686954389
534.61000000000	0.017762947512822	66.489975160232
535.22000000000	0.020668181966417	55.419563157730
535.83000000000	0.023565585465765	45.865674201252
536.44000000000	0.026411101641603	37.302891137923
537.05000000000	0.029183389181122	29.415712435395
537.66000000000	0.031872449074703	22.006180095357
538.27000000000	0.034474023135606	14.944484379718
538.88000000000	0.036986659528991	8.1420210661036
539.49000000000	0.039410088442852	1.5361782468928
540.10000000000	0.041744284878972	-4.9185729542121
540.71000000000	0.043988916843750	-11.256075606015
541.32000000000	0.046143026151365	-17.501853505073
541.93000000000	0.048204863685922	-23.675259634884
542.54000000000	0.050171843571826	-29.790868233001
543.15000000000	0.052040609369808	-35.859386982449
543.76000000000	0.053807223448212	-41.888274473267
544.37000000000	0.055467488372172	-47.882210460778
544.98000000000	0.057017372059292	-53.843544838959
545.59000000000	0.058453443538951	-59.772802781512
546.20000000000	0.059773186234820	-65.669230826272
546.81000000000	0.060975104646095	-71.531280605646
547.42000000000	0.062058662378543	-77.356924499917
548.03000000000	0.063024177257306	-83.143787632286
548.64000000000	0.063872778897972	-88.889173077581
549.25000000000	0.064606449349288	-94.590075527406
549.86000000000	0.065228104252974	-100.24323619468
550.47000000000	0.065741661855598	-105.84524365197
551.08000000000	0.066152067999473	-111.39266187469
551.69000000000	0.066465268404202	-116.88216519145
552.30000000000	0.066688133185561	-122.31066693141
552.91000000000	0.066828343312272	-127.67543547971
553.52000000000	0.066894248804038	-132.97419543389
554.13000000000	0.066894707198479	-138.20521296641
554.74000000000	0.066838909714451	-143.36736452078
555.35000000000	0.066736201990120	-148.46018759649
555.96000000000	0.066595906088160	-153.48391220252
556.57000000000	0.066427150291274	-158.43947181761
557.18000000000	0.066238712770837	-163.32849338049
557.79000000000	0.066038884361568	-168.15326680047
558.40000000000	0.065835354436693	-172.91669553242
559.01000000000	0.065635122389910	-177.62223072114
559.62000000000	0.065444435686412	177.72620783677
560.23000000000	0.065268754031828	173.12432019760
560.84000000000	0.065112738060299	168.56752033002
561.45000000000	0.064980260123580	164.05103184729
562.06000000000	0.064874434263872	159.56998172366
562.67000000000	0.064797662211588	155.11948860359
563.28000000000	0.064751692173667	150.69474267382
563.89000000000	0.064737687172984	146.29107447969
564.50000000000	0.064756299688051	141.90401053921
565.11000000000	0.064807749282540	137.52931416848
565.72000000000	0.064891899807177	133.16301060991
566.33000000000	0.065008332645977	128.80139636755
566.94000000000	0.065156412442156	124.44103359302
567.55000000000	0.065335341870179	120.07873138339
568.16000000000	0.065544202407511	115.71151686525
568.77000000000	0.065781978760528	111.33659983198
569.38000000000	0.066047565622325	106.95133534675
569.99000000000	0.066339756734201	102.55318900785
570.60000000000	0.066657217679898	98.139709416411
571.21000000000	0.066998445313689	93.708511769229
571.82000000000	0.067361718047581	89.257275462331
572.43000000000	0.067745042249087	84.783757236895
573.04000000000	0.068146100615690	80.285819871335
573.65000000000	0.068562208530037	75.761474883498
574.26000000000	0.068990284045923	71.208936309796
574.87000000000	0.069426836335704	66.626681502353
575.48000000000	0.069867976201659	62.013514122484
576.09000000000	0.070309450693638	57.368624161199
576.70000000000	0.070746702075575	52.691639901515
577.31000000000	0.071174949453682	47.982667240573
577.92000000000	0.071589289450897	43.242312674668
578.53000000000	0.071984810541511	38.471687458940
579.14000000000	0.072356714223162	33.672391904110
579.75000000000	0.072700435281383	28.846480361865
580.36000000000	0.073011753154245	23.996409051797
580.97000000000	0.073286886937096	19.124970355592
581.58000000000	0.073522567900806	14.235218403014
582.19000000000	0.073716085447249	9.3303915679857
582.80000000000	0.073865305002654	4.4138377815636
583.41000000000	0.073968659175431	-0.51105170061296
584.02000000000	0.074025116254150	-5.4408952615836
584.63000000000	0.074034132466278	-10.372357117660
585.24000000000	0.073995596077097	-15.302164942543
585.85000000000	0.073909772179133	-20.227109053959
586.46000000000	0.073777256803003	-25.144025302593
587.07000000000	0.073598947769745	-30.049765711356
587.68000000000	0.073376037595315	-34.941162555542
588.29000000000	0.073110030925079	-39.814992793330
588.90000000000	0.072802785667096	-44.667950407589
589.51000000000	0.072456573520127	-49.496634181405
590.12000000000	0.072074152323184	-54.297557613535
590.73000000000	0.071658839990549	-59.067186053935
591.34000000000	0.071214578138326	-63.802003752020
591.95000000000	0.070745973190903	-68.498610511962
592.56000000000	0.070258303976506	-73.153844302717
593.17000000000	0.069757487572361	-77.764922837211
593.78000000000	0.069249999187056	-82.329594236453
594.39000000000	0.068742746678684	-86.846284848230
595.00000000000	0.068242905243317	-91.314231434704
595.61000000000	0.067757722162975	-95.733585468248
596.22000000000	0.067294304662437	-100.10547917514
596.83000000000	0.066859405491656	-104.43204603595
597.44000000000	0.066459220711416	-108.71639231472
598.05000000000	0.066099212483169	-112.96252036922
598.66000000000	0.065783966838020	-117.17520849344
599.27000000000	0.065517092926501	-121.35985542037
599.88000000000	0.065301166636402	-125.52230004538
600.49000000000	0.065137718130793	-129.66862824452
601.10000000000	0.065027260086513	-133.80497883849
601.71000000000	0.064969351342022	-137.93735990236
602.32000000000	0.064962689304044	-142.07148495053
602.93000000000	0.065005223740550	-146.21263629308
603.54000000000	0.065094284386298	-150.36556033124
604.15000000000	0.065226714984228	-154.53439698183
604.76000000000	0.065399006878613	-158.72264299707
605.37000000000	0.065607425991493	-162.93314682672
605.98000000000	0.065848127908858	-167.16813095495
606.59000000000	0.066117256853110	-171.42923638929
607.20000000000	0.066411025505033	-175.71758320020
607.81000000000	0.066725773937218	179.96615930046
608.42000000000	0.067058007291404	175.62169902870
609.03000000000	0.067404413216706	171.24905001869
609.64000000000	0.067761861410727	166.84846866542
610.25000000000	0.068127388789127	162.42040115280
610.86000000000	0.068498174769112	157.96544462038
611.47000000000	0.068871511813803	153.48432324176
612.08000000000	0.069244776686201	148.97787898770
612.69000000000	0.069615407759323	144.44707550555
613.30000000000	0.069980893198165	139.89301234243
613.91000000000	0.070338773867475	135.31694574608
614.52000000000	0.070686663452319	130.72031156864
615.13000000000	0.071022286567673	126.10474544187
615.74000000000	0.071343533684252	121.47209544685
616.35000000000	0.071648529668811	116.82442300488
616.96000000000	0.071935710838137	112.16398867756
617.57000000000	0.072203903909341	107.49322093777
618.18000000000	0.072452399362240	102.81466764947
618.79000000000	0.072681011746690	98.130931771330
619.40000000000	0.072890120479599	93.444594364667
620.01000000000	0.073080686498923	88.758128927044
620.62000000000	0.073254242007016	84.073811032163
621.23000000000	0.073412850929961	79.393626527920
621.84000000000	0.073559035464974	74.719182126622
622.45000000000	0.073695662162724	70.051627498173
623.06000000000	0.073825789190614	65.391606854108
623.67000000000	0.073952499178026	60.739257622900
624.28000000000	0.074078757313600	56.094252888860
624.89000000000	0.074207314866316	51.455861243261
625.50000000000	0.074340643664944	46.823001648950
626.11000000000	0.074480878944790	42.194292776441
626.72000000000	0.074629764644606	37.568106749939
627.33000000000	0.074788608422048	32.942632051941
627.94000000000	0.074958253910748	28.315942775806
628.55000000000	0.075139072534013	23.686068551413
629.16000000000	0.075330972993652	19.051060219327
629.77000000000	0.075533424709164	14.409048178977
630.38000000000	0.075745491225709	9.7582920319211
630.99000000000	0.075965870125928	5.0972213820402
631.60000000000	0.076192936820938	0.42446846114078
632.21000000000	0.076424790541265	-4.2611063129396
632.82000000000	0.076659301772170	-8.9603946160738
633.43000000000	0.076894161179781	-13.674025252419
634.04000000000	0.077126930664293	-18.402353221894
634.65000000000	0.077355097477511	-23.145452604021
635.26000000000	0.077576132299952	-27.903113606943
635.87000000000	0.077787551769296	-32.674844661359
636.48000000000	0.077986985212750	-37.459880841049
637.09000000000	0.078172244337581	-42.257200079715
637.70000000000	0.078341393502713	-47.065548565792
638.31000000000	0.078492817095773	-51.883476303808
638.92000000000	0.078625279660962	-56.709383146388
639.53000000000	0.078737973942882	-61.541574684622
640.14000000000	0.078830552069993	-66.378326338472
640.75000000000	0.078903135768534	-71.217952946135
641.36000000000	0.078956302752912	-76.058880258179
641.97000000000	0.078991048164618	-80.899714134097
642.58000000000	0.079008721930601	-85.739303018526
643.19000000000	0.079010944935398	-90.576789493150
643.80000000000	0.078999508694292	-95.411647349270
644.41000000000	0.078976264558858	-100.24370163821
645.02000000000	0.078943009233895	-105.07313041792
645.63000000000	0.078901373476666	-109.90044828355
646.24000000000	0.078852720314079	-114.72647309848
646.85000000000	0.078798058050254	-119.55227849735
647.46000000000	0.078737971891193	-124.37913560383
648.07000000000	0.078672576350372	-129.20844792269
648.68000000000	0.078601488883270	-134.04168348976
649.29000000000	0.078523823581528	-138.88030809442
649.90000000000	0.078438202372746	-143.72572275728
650.51000000000	0.078342780136856	-148.57920770770
651.12000000000	0.078235279566496	-153.44187394776
651.73000000000	0.078113031549167	-158.31462221698
652.34000000000	0.077973017388429	-163.19810791588
652.95000000000	0.077811910320731	-168.09270945212
653.56000000000	0.077626115471922	-172.99849669554
654.17000000000	0.077411809498768	-177.91519591896
654.78000000000	0.077164983446668	177.15785210864
655.39000000000	0.076881494499968	172.22174323319
656.00000000000	0.076557133899994	167.27807090271
656.61000000000	0.076187718910307	162.32899538112
657.22000000000	0.075769215892148	157.37731676812
657.83000000000	0.075297899000981	152.42654449879
658.44000000000	0.074770544635876	147.48095339072
659.05000000000	0.074184655812683	142.54561452525
659.66000000000	0.073538703754695	137.62638882823
660.27000000000	0.072832367290634	132.72987259567
660.88000000000	0.072066745513164	127.86328760189
661.49000000000	0.071244517014510	123.03431368873
662.10000000000	0.070370020970799	118.25086830033
662.71000000000	0.069449241752079	113.52084434876
663.32000000000	0.068489688955923	108.85182389378
663.93000000000	0.067500177180952	104.25078924746
664.54000000000	0.066490522203181	99.723854445174
665.15000000000	0.065471180148636	95.276038274291
665.76000000000	0.064452861980627	90.911095561337
666.37000000000	0.063446156357562	86.631417049477
666.98000000000	0.062461190019848	82.438001102730
667.59000000000	0.061507347597610	78.330493799088
668.20000000000	0.060593063827402	74.307288619053
668.81000000000	0.059725692332761	70.365673404765
669.42000000000	0.058911447664290	66.502010656308
670.03000000000	0.058155411927991	62.711937321970
670.64000000000	0.057461594191030	58.990571614901
671.25000000000	0.056833029617734	55.332716585632
671.86000000000	0.056271905329506	51.733052784017
672.47000000000	0.055779700488446	48.186315038247
673.08000000000	0.055357328095144	44.687450897673
673.69000000000	0.055005264188682	41.231760206347
674.30000000000	0.054723644683657	37.815015384021
674.91000000000	0.054512298284317	34.433556598452
675.52000000000	0.054370663268032	31.084334690362
676.13000000000	0.054297511794010	27.764811420334
676.74000000000	0.054290423881051	24.472471324281
677.35000000000	0.054345196551287	21.203428289648
677.96000000000	0.054456250377325	17.949572525111
678.57000000000	0.054620469605845	14.695437307352
679.18000000000	0.054845001699975	11.420582790236
679.79000000000	0.055149893715895	8.1118239957495
680.40000000000	0.055556197555520	4.7720657053842
681.01000000000	0.056073361827982	1.4116174946295
681.62000000000	0.056700780845672	-1.9645345739864
682.23000000000	0.057434965925536	-5.3596288011706
682.84000000000	0.058272718309371	-8.7817191443091
683.45000000000	0.059211452111482	-12.239171049969
684.06000000000	0.060251250334691	-15.738446528159
684.67000000000	0.061395928395195	-19.287245994554
685.28000000000	0.062648714184386	-22.896299787737
685.89000000000	0.064009648773944	-26.576565418633
686.50000000000	0.065476382730876	-30.337544821490
687.11000000000	0.067044857907644	-34.187284439709
687.72000000000	0.068709313222739	-38.132544526435
688.33000000000	0.070462091863423	-42.178779847685
688.94000000000	0.072293477374413	-46.330008480376
689.55000000000	0.074191620525992	-50.588647612181
690.16000000000	0.076142578140532	-54.955357640805
690.77000000000	0.078130479154124	-59.428917310165
691.38000000000	0.080137830307161	-64.006145743316
691.99000000000	0.082145966759705	-68.681884358616
692.60000000000	0.084135640915010	-73.449049134377
693.21000000000	0.086087727162686	-78.298759991404
693.82000000000	0.087984003665659	-83.220548759200
694.43000000000	0.089807958043171	-88.202640581873
695.04000000000	0.091545555298594	-93.232296571844
695.65000000000	0.093185906251830	-98.296199256665
696.26000000000	0.094721783997792	-103.38085815500
696.87000000000	0.096149953252466	-108.47301161661
697.48000000000	0.097471299564214	-113.56000321004
698.09000000000	0.098690767783921	-118.63011603978
698.70000000000	0.099817137494941	-123.67285536125
699.31000000000	0.10086267413711	-128.67917728333
699.92000000000	0.10184269710408	-133.64166770912
700.53000000000	0.10277510095994	-138.55467975486
701.14000000000	0.10367985547128	-143.41443900098
701.75000000000	0.10457849753430	-148.21912396868
702.36000000000	0.10549361645778	-152.96892467670
702.97000000000	0.10644832600661	-157.66607602809
703.58000000000	0.10746571370434	-162.31485650354
704.19000000000	0.10856826057106	-166.92153778143
704.80000000000	0.10977723201213	-171.49426897697
705.41000000000	0.11111205124627	-176.04288128128
706.02000000000	0.11258967804597	179.42139480015
706.63000000000	0.11422402502161	174.88629737650
707.24000000000	0.11602544893569	170.33897213451
707.85000000000	0.11800035422070	165.76645688262
708.46000000000	0.12015093988730	161.15617800835
709.07000000000	0.12247511050125	156.49642193417
709.68000000000	0.12496655891749	151.77674702884
710.29000000000	0.12761501529699	146.98830870577
710.90000000000	0.13040664553478	142.12408083778
711.51000000000	0.13332457373586	137.17896791208
712.12000000000	0.13634949803093	132.14981252870
712.73000000000	0.13946036638627	127.03531058193
713.34000000000	0.14263507839093	121.83585126092
713.95000000000	0.14585117963852	116.55330107369
714.56000000000	0.14908651691300	111.19075106324
715.17000000000	0.15231982494425	105.75224499105
715.78000000000	0.15553121924982	100.24250415170
716.39000000000	0.15870257476286	94.666662090649
717.00000000000	0.16181777660796	89.030020056216
717.61000000000	0.16486283725350	83.337831612327
718.22000000000	0.16782588275453	77.595122484328
718.83000000000	0.17069701910652	71.806549412597
719.44000000000	0.17346809702239	65.976299578252
720.05000000000	0.17613239902472	60.108030104784
720.66000000000	0.17868427617418	54.204845308605
721.27000000000	0.18111876291095	48.269307847475
721.88000000000	0.18343119752784	42.303478753422
722.49000000000	0.18561687308481	36.308980559801
723.10000000000	0.18767073957074	30.287077331406
723.71000000000	0.18958717327740	24.238765348905
724.32000000000	0.19135982406347	18.164868436609
724.93000000000	0.19298154575590	12.066132405513
725.54000000000	0.19444440958770	5.9433137659821
726.15000000000	0.19573979549033	-0.20274129175799
726.76000000000	0.19685855143261	-6.3710306778194
727.37000000000	0.19779120704979	-12.560344899588
727.98000000000	0.19852822480079	-18.769231095089
728.59000000000	0.19906027011897	-24.995972267898
729.20000000000	0.19937848174232	-31.238580274549
729.81000000000	0.19947472478938	-37.494800113295
730.42000000000	0.19934181218968	-43.762122252316
731.03000000000	0.19897368457231	-50.037799194127
731.64000000000	0.19836554423193	-56.318862268118
732.25000000000	0.19751394470405	-62.602134817620
732.86000000000	0.19641684305787	-68.884238513271
733.47000000000	0.19507362650961	-75.161590452589
734.08000000000	0.19348512773179	-81.430389930606
734.69000000000	0.19165364384585	-87.686595186624
735.30000000000	0.18958297236803	-93.925891920121
735.91000000000	0.18727847346907	-100.14365678229
736.52000000000	0.18474716224260	-106.33492024437
737.13000000000	0.18199782795068	-112.49433408833
737.74000000000	0.17904117031414	-118.61614915391
738.35000000000	0.17588993681763	-124.69420884397
738.96000000000	0.17255904065140	-130.72196322664
739.57000000000	0.16906563708819	-136.69250742783
740.18000000000	0.16542913725754	-142.59864650015
740.79000000000	0.16167114246553	-148.43298725561
741.40000000000	0.15781528896789	-154.18805587435
742.01000000000	0.15388700153727	-159.85643866635
742.62000000000	0.14991316304547	-165.43094235351
743.23000000000	0.14592171527046	-170.90476976725
743.84000000000	0.14194121203142	-176.27170692912
744.45000000000	0.13800034871855	178.47368201385
745.06000000000	0.13412749199861	173.33585481648
745.67000000000	0.13035023018838	168.31808833662
746.28000000000	0.12669495922427	163.42227496785
746.89000000000	0.12318651237219	158.64872098186
747.50000000000	0.11984783499263	153.99595107841
748.11000000000	0.11669969990070	149.46052610622
748.72000000000	0.11376045500665	145.03688442884
749.33000000000	0.11104579351447	140.71722126240
749.94000000000	0.10856853812394	136.49142369214
750.55000000000	0.10633843414319	132.34708093310
751.16000000000	0.10436195150617	128.26958862583
751.77000000000	0.10264210142541	124.24236167450
752.38000000000	0.10117827864554	120.24716204496
752.99000000000	0.099966143883766	116.26453663002
753.60000000000	0.098997562213087	112.27434732568
754.21000000000	0.098260611530554	108.25636318466
754.82000000000	0.097739671150758	104.19087548501
755.43000000000	0.097415594850233	100.05929283552
756.04000000000	0.097265966597344	95.844675945397
756.65000000000	0.097265431990756	91.532179871857
757.26000000000	0.097386095031882	87.109383604853
757.87000000000	0.097597968658391	82.566500232393
758.48000000000	0.097869468254163	77.896473167233
759.09000000000	0.098167939439084	73.094973168027
759.70000000000	0.098460213895220	68.160316276281
760.31000000000	0.098713188870661	63.093324370720
760.92000000000	0.098894426587889	57.897148548477
761.53000000000	0.098972768667431	52.577072048744
762.14000000000	0.098918957837431	47.140305038496
762.75000000000	0.098706254983852	41.595779203653
763.36000000000	0.098311034670825	35.953946380646
763.97000000000	0.097713337517323	30.226582784921
764.58000000000	0.096897354243380	24.426598856958
765.19000000000	0.095851814720025	18.567854273595
765.80000000000	0.094570256657440	12.664978053693
766.41000000000	0.093051152933927	6.7331946403600
767.02000000000	0.091297883797344	0.78815806834562
767.63000000000	0.089318549549528	-5.1542024484376
768.24000000000	0.087125629742360	-11.077821155867
768.85000000000	0.084735505055978	-16.966613591702
769.46000000000	0.082167866625499	-22.804568286138
770.07000000000	0.079445043652596	-28.575807108574
770.68000000000	0.076591283176326	-34.264609533340
771.29000000000	0.073632015944725	-39.855397029688
771.90000000000	0.070593140046991	-45.332675255147
772.51000000000	0.067500350410554	-50.680933849869
773.12000000000	0.064378538753892	-55.884506309553
773.73000000000	0.061251286308487	-60.927395072893
774.34000000000	0.058140471130489	-65.793068228825
774.95000000000	0.055066012448922	-70.464232109523
775.56000000000	0.052045774128677	-74.922576939799
776.17000000000	0.049095645025391	-79.148481884149
776.78000000000	0.046229803612833	-83.120657606911
777.39000000000	0.043461157750309	-86.815709749170
778.00000000000	0.040801927913390	-90.207633971585
778.61000000000	0.038264299377246	-93.267293601842
779.22000000000	0.035860904188859	-95.961973804273
779.83000000000	0.033604161596221	-98.255958433214
780.44000000000	0.031505062784205	-100.12243449985
781.05000000000	0.029591034523242	-101.55309729674
781.66000000000	0.027890719351583	-102.51007447014
782.27000000000	0.026417476405410	-102.98866809356
782.88000000000	0.025187775788431	-103.02516372404
783.49000000000	0.024213779344459	-102.68819560625
784.10000000000	0.023497943881029	-102.07425224249
784.71000000000	0.023032015808668	-101.29134845148
785.32000000000	0.022801018238265	-100.43755651492
785.93000000000	0.022791118079894	-99.589319405885
786.54000000000	0.022996489486031	-98.809024541487
787.15000000000	0.023419730120751	-98.163872401313
787.76000000000	0.024065277046148	-97.736358929630
788.37000000000	0.024931078609254	-97.615388472199
788.98000000000	0.026004288087137	-97.876041658766
789.59000000000	0.027262360247523	-98.563666017036
790.20000000000	0.028677118674393	-99.690110460690
790.81000000000	0.030218926776323	-101.23962485627
791.42000000000	0.031859564145555	-103.17833618829
792.03000000000	0.033573716763405	-105.46292830665
792.64000000000	0.035339510126586	-108.04687539170
793.25000000000	0.037138526541117	-110.88425253982
793.86000000000	0.038955602100721	-113.93173505879
794.47000000000	0.040778564791892	-117.14941918302
795.08000000000	0.042597993289008	-120.50093609321
795.69000000000	0.044407038714633	-123.95316300030
796.30000000000	0.046201343539034	-127.47571157467
796.91000000000	0.047979101665807	-131.04029839297
797.52000000000	0.049741325534854	-134.62006550188
798.13000000000	0.051492416877529	-138.18891461077
798.74000000000	0.053241175051922	-141.72094451835
799.35000000000	0.055002414459934	-145.19014268273
799.96000000000	0.056799383890973	-148.57058579430
800.57000000000	0.058667148376696	-151.83755192945
801.18000000000	0.060656936620417	-154.97011045036
801.79000000000	0.062841061956798	-157.95583401771
802.40000000000	0.065317270439919	-160.79803721203
803.01000000000	0.068210252992835	-163.52502104314
803.62000000000	0.071666965037727	-166.19892224459
804.23000000000	0.075842377458366	-168.91940807399
804.84000000000	0.080874797244504	-171.81654926281
805.45000000000	0.086855373371521	-175.03039983049
806.06000000000	0.093802296085437	-178.68224414941
806.67000000000	0.10165145115438	177.15088998916
807.28000000000	0.11026891509605	172.44747855802
807.89000000000	0.11947999478285	167.23563959470
808.50000000000	0.12910174208686	161.57601797487
809.11000000000	0.13896468074670	155.54207467013
809.72000000000	0.14891558432123	149.20005570962
810.33000000000	0.15886234517902	142.58885874628
810.94000000000	0.16880621679921	135.76987999593
811.55000000000	0.17862963973227	128.79796347714
812.16000000000	0.18823134035162	121.69062969082
812.77000000000	0.19753314263279	114.46452727839
813.38000000000	0.20645107902397	107.13737395183
813.99000000000	0.21489528162527	99.727851889231
814.60000000000	0.22277611315507	92.256213227545
815.21000000000	0.23001207128732	84.744426871294
815.82000000000	0.23653782468518	77.215681021413
816.43000000000	0.24231089093077	69.693384304600
817.04000000000	0.24731571973823	62.199902894530
817.65000000000	0.25156450116586	54.755282829414
818.26000000000	0.25509472370498	47.376170501604
818.87000000000	0.25796413735893	40.075075801762
819.48000000000	0.26024415881945	32.860040167118
820.09000000000	0.26201283063395	25.734696094614
820.70000000000	0.26334826772606	18.698650721681
821.31000000000	0.26432321007209	11.748099596131
821.92000000000	0.26500096983352	4.8765746520239
822.53000000000	0.26543279690872	-1.9242554729853
823.14000000000	0.26565652179585	-8.6637933257928
823.75000000000	0.26569626348897	-15.351767891493
824.36000000000	0.26556298715290	-21.997559163951
824.97000000000	0.26525573099490	-28.609602582140
825.58000000000	0.26476336779987	-35.194878081456
826.19000000000	0.26406680548123	-41.758487080290
826.80000000000	0.26314155211772	-48.303321996171
827.41000000000	0.26196057066318	-54.829835137609
828.02000000000	0.26049732915039	-61.335915510899
828.63000000000	0.25872892109350	-67.816882073821
829.24000000000	0.25663909897207	-74.265599722489
829.85000000000	0.25422104370198	-80.672720065907
830.46000000000	0.25147969561405	-87.027043955850
831.07000000000	0.24843350275289	-93.315998693996
831.68000000000	0.24511549640644	-99.526222136451
832.29000000000	0.24157366760382	-105.64425073482
832.90000000000	0.23787067005833	-111.65732054095
833.51000000000	0.23408289621181	-117.55431038289
834.12000000000	0.23029897970494	-123.32688097728
834.73000000000	0.22661781397102	-128.97085503101
835.34000000000	0.22314593978136	-134.48776336084
835.95000000000	0.21999313656001	-139.88642809491
836.56000000000	0.21726517418281	-145.18465798199
837.17000000000	0.21505420035830	-150.41077433637
837.78000000000	0.21342659035598	-155.60409514468
838.39000000000	0.21240816968432	-160.81354053643
839.00000000000	0.21196889493338	-166.09369290468
839.61000000000	0.21201144284532	-171.49805505950
840.22000000000	0.21236998512063	-177.07017715755
840.83000000000	0.21282553282366	177.16542152259
841.44000000000	0.21314085223847	171.20954750443
842.05000000000	0.21311023339045	165.08866188818
842.66000000000	0.21260931071104	158.84729887914
843.27000000000	0.21162347467050	152.53340465346
843.88000000000	0.21023737417366	146.18094215338
844.49000000000	0.20858455650394	139.79642399379
845.10000000000	0.20677625156362	133.35500514165
845.71000000000	0.20483633922557	126.80755912653
846.32000000000	0.20266201347873	120.09645114386
846.93000000000	0.20002304780157	113.17618107983
847.54000000000	0.19660286329062	106.03242902959
848.15000000000	0.19207317901897	98.697105726636
848.76000000000	0.18620795627204	91.250402228395
849.37000000000	0.17894789389608	83.800999082563
849.98000000000	0.17039634483322	76.472590535932
850.59000000000	0.16080612240379	69.391496298250
851.20000000000	0.15052883403561	62.671012670951
851.81000000000	0.13994371101533	56.402325451290
852.42000000000	0.12939946377038	50.653455672797
853.03000000000	0.11918269916526	45.473185164543
853.64000000000	0.10951041983290	40.896444948394
854.25000000000	0.10053747005625	36.948515852535
854.86000000000	0.092369917463306	33.646528472586
855.47000000000	0.085078323482143	30.997688970347
856.08000000000	0.078707879132416	28.994391444765
856.69000000000	0.073284454339163	27.607162877526
857.30000000000	0.068816838204016	26.777418631893
857.91000000000	0.065296261756073	26.413066192928
858.52000000000	0.062694919158800	26.390272769106
859.13000000000	0.060965484818408	26.563227259659
859.74000000000	0.060043218412303	26.780450026137
860.35000000000	0.059851087601094	26.902858307055
860.96000000000	0.060306933331101	26.817815077319
861.57000000000	0.061330852335711	26.445560286850
862.18000000000	0.062851077318748	25.738029223304
862.79000000000	0.064807420839990	24.672683850214
863.40000000000	0.067152227851944	23.244594065867
864.01000000000	0.069849353411592	21.459172399484
864.62000000000	0.072871880564920	19.326732658497
865.23000000000	0.076199244850297	16.859077198523
865.84000000000	0.079814281504013	14.067788362925
866.45000000000	0.083700548461902	10.963714165357
867.06000000000	0.087840137766894	7.5571511185959
867.67000000000	0.092212076574140	3.8583284034890
868.28000000000	0.096791334237913	-0.12207708486260
868.89000000000	0.10154839110092	-4.3725490728623
869.50000000000	0.10644928547313	-8.8805260558244
870.11000000000	0.11145603542207	-13.632380991145
870.72000000000	0.11652732778203	-18.613550914881
871.33000000000	0.12161937363217	-23.808767207457
871.94000000000	0.12668684263258	-29.202338163869
872.55000000000	0.13168380400327	-34.778444291886
873.16000000000	0.13656461682668	-40.521418130692
873.77000000000	0.14128472543121	-46.415990986633
874.38000000000	0.14580132678918	-52.447497149309
874.99000000000	0.15007388688084	-58.602031457612
875.60000000000	0.15406449292228	-64.866558874259
876.21000000000	0.15773803920758	-71.228975706268
876.82000000000	0.16106225660823	-77.678122069152
877.43000000000	0.16400760941290	-84.203744845296
878.04000000000	0.16654709742374	-90.796410284464
878.65000000000	0.16865601472645	-97.447365911567
879.26000000000	0.17031172757637	-104.14835275558
879.87000000000	0.17149354040666	-110.89137116513
880.48000000000	0.17218271901508	-117.66840658243
881.09000000000	0.17236273161499	-124.47112543729
881.70000000000	0.17201975018174	-131.29055549059
882.31000000000	0.17114342584214	-138.11676902713
882.92000000000	0.16972791394703	-144.93859062259
883.53000000000	0.16777308017040	-151.74335299696
884.14000000000	0.16528577439003	-158.51672389856
884.75000000000	0.16228102253632	-165.24262340083
885.36000000000	0.15878296750561	-171.90324424470
885.97000000000	0.15482539683586	-178.47917842911
886.58000000000	0.15045173113541	175.05035753283
887.19000000000	0.14571441051401	168.70721638452
887.80000000000	0.14067369629548	162.51395770523
888.41000000000	0.13539598627609	156.49345607239
889.02000000000	0.12995180646884	150.66850226632
889.63000000000	0.12441367700098	145.06140940869
890.24000000000	0.11885404854189	139.69362050957
890.85000000000	0.11334347112131	134.58529618629
891.46000000000	0.10794909942955	129.75484471823
892.07000000000	0.10273357127617	125.21834517775
892.68000000000	0.097754232255396	120.98881284005
893.29000000000	0.093062630531284	117.07526973743
893.90000000000	0.088704178142138	113.48161737973
894.51000000000	0.084717873316532	110.20536652580
895.12000000000	0.081136003320807	107.23635749012
895.73000000000	0.077983797252130	104.55568903696
896.34000000000	0.075279064790646	102.13513396382
896.95000000000	0.073031922139937	99.937312868003
897.56000000000	0.071244740516262	97.916789282036
898.17000000000	0.069912420558083	96.022044057159
898.78000000000	0.069022978438741	94.198057835737
899.39000000000	0.068558258879686	92.389108529241
900.00000000000	0.068494482387191	90.541479888429
