1.250000011674743291e+03 7.275957614183425903e-12
1.250049906192102981e+03 1.818989403545856476e-12
1.250099800709462670e+03 -4.547473508864641190e-12
1.250149695226822132e+03 -1.273292582482099533e-11
1.250199589744181822e+03 -2.273736754432320595e-11
1.250249484261541511e+03 -3.365130396559834480e-11
1.250299378778901200e+03 -4.274625098332762718e-11
1.250349273296260890e+03 -5.002220859751105309e-11
1.250399167813620579e+03 -5.366018740460276604e-11
1.250449062330980269e+03 -5.456968210637569427e-11
1.250498956848339958e+03 -5.275069270282983780e-11
1.250548851365699647e+03 -4.820321919396519661e-11
1.250598745883059337e+03 -4.001776687800884247e-11
1.250648640400419026e+03 -3.274180926382541656e-11
1.250698534917778488e+03 -2.819433575496077538e-11
1.250748429435138178e+03 -2.455635694786906242e-11
1.250798323952497867e+03 -2.546585164964199066e-11
1.250848218469857557e+03 -2.819433575496077538e-11
1.250898112987217246e+03 -3.365130396559834480e-11
1.250948007504576935e+03 -4.001776687800884247e-11
1.250997902021936625e+03 -4.547473508864641190e-11
1.251047796539296314e+03 -5.002220859751105309e-11
1.251097691056656004e+03 -5.184119800105690956e-11
1.251147585574015693e+03 -5.184119800105690956e-11
1.251197480091375382e+03 -4.911271389573812485e-11
1.251247374608734845e+03 -4.456524038687348366e-11
1.251297269126094534e+03 -3.728928277269005775e-11
1.251347163643454223e+03 -2.637534635141491890e-11
1.251397058160813913e+03 -1.546140993013978004e-11
1.251446952678173602e+03 -2.728484105318784714e-12
1.251496847195533292e+03 7.275957614183425903e-12
1.251546741712892981e+03 1.637090463191270828e-11
1.251596636230252670e+03 2.455635694786906242e-11
1.251646530747612360e+03 3.001332515850663185e-11
1.251696425264972049e+03 3.365130396559834480e-11
1.251746319782331739e+03 3.456079866737127304e-11
1.251796214299691201e+03 3.365130396559834480e-11
1.251846108817050890e+03 3.092281986027956009e-11
1.251896003334410580e+03 2.728484105318784714e-11
1.251945897851770269e+03 2.455635694786906242e-11
1.251995792369129958e+03 2.182787284255027771e-11
1.252045686886489648e+03 2.091837814077734947e-11
1.252095581403849337e+03 2.182787284255027771e-11
1.252145475921209027e+03 2.728484105318784714e-11
1.252195370438568716e+03 3.274180926382541656e-11
1.252245264955928405e+03 4.183675628155469894e-11
1.252295159473288095e+03 5.184119800105690956e-11
1.252345053990647557e+03 6.093614501878619194e-11
1.252394948508007246e+03 6.912159733474254608e-11
1.252444843025366936e+03 7.457856554538011551e-11
1.252494737542726625e+03 7.730704965069890022e-11
1.252544632060086315e+03 7.730704965069890022e-11
1.252594526577446004e+03 7.457856554538011551e-11
1.252644421094805693e+03 7.003109203651547432e-11
1.252694315612165383e+03 6.548361852765083313e-11
1.252744210129525072e+03 6.184563972055912018e-11
1.252794104646884762e+03 5.820766091346740723e-11
1.252843999164244451e+03 5.729816621169447899e-11
1.252893893681603913e+03 5.820766091346740723e-11
1.252943788198963603e+03 5.911715561524033546e-11
1.252993682716323292e+03 6.184563972055912018e-11
1.253043577233682981e+03 6.457412382587790489e-11
1.253093471751042671e+03 6.548361852765083313e-11
1.253143366268402360e+03 6.639311322942376137e-11
1.253193260785762050e+03 6.548361852765083313e-11
1.253243155303121739e+03 6.275513442233204842e-11
1.253293049820481428e+03 6.002665031701326370e-11
1.253342944337841118e+03 5.729816621169447899e-11
1.253392838855200807e+03 5.275069270282983780e-11
1.253442733372560269e+03 4.911271389573812485e-11
1.253492627889919959e+03 4.456524038687348366e-11
1.253542522407279648e+03 3.910827217623591423e-11
1.253592416924639338e+03 3.456079866737127304e-11
1.253642311441999027e+03 2.819433575496077538e-11
1.253692205959358716e+03 2.182787284255027771e-11
1.253742100476718406e+03 1.455191522836685181e-11
1.253791994994078095e+03 7.275957614183425903e-12
1.253841889511437785e+03 9.094947017729282379e-13
1.253891784028797474e+03 -4.547473508864641190e-12
1.253941678546156936e+03 -8.185452315956354141e-12
1.253991573063516626e+03 -1.182343112304806709e-11
1.254041467580876315e+03 -1.273292582482099533e-11
1.254091362098236004e+03 -1.364242052659392357e-11
1.254141256615595694e+03 -1.455191522836685181e-11
1.254191151132955383e+03 -1.546140993013978004e-11
1.254241045650315073e+03 -1.546140993013978004e-11
1.254290940167674762e+03 -1.818989403545856476e-11
1.254340834685034451e+03 -2.273736754432320595e-11
1.254390729202394141e+03 -2.819433575496077538e-11
1.254440623719753830e+03 -3.547029336914420128e-11
1.254490518237113292e+03 -4.274625098332762718e-11
1.254540412754472982e+03 -4.820321919396519661e-11
1.254590307271832671e+03 -5.093170329928398132e-11
1.254640201789192361e+03 -5.275069270282983780e-11
1.254690096306552050e+03 -5.093170329928398132e-11
1.254739990823911739e+03 -4.729372449219226837e-11
1.254789885341271429e+03 -4.092726157978177071e-11
1.254839779858631118e+03 -3.365130396559834480e-11
1.254889674375990808e+03 -2.728484105318784714e-11
1.254939568893350497e+03 -2.000888343900442123e-11
1.254989463410710187e+03 -1.455191522836685181e-11
1.255039357928069649e+03 -9.094947017729282379e-12
1.255089252445429338e+03 -5.456968210637569427e-12
1.255139146962789027e+03 -2.728484105318784714e-12
1.255189041480148717e+03 0.000000000000000000e+00
1.255238935997508406e+03 1.818989403545856476e-12
1.255288830514868096e+03 3.637978807091712952e-12
1.255338725032227785e+03 4.547473508864641190e-12
1.255388619549587474e+03 4.547473508864641190e-12
1.255438514066947164e+03 5.456968210637569427e-12
1.255488408584306853e+03 6.366462912410497665e-12
1.255538303101666543e+03 7.275957614183425903e-12
1.255588197619026005e+03 7.275957614183425903e-12
1.255638092136385694e+03 9.094947017729282379e-12
1.255687986653745384e+03 1.091393642127513885e-11
1.255737881171105073e+03 1.455191522836685181e-11
1.255787775688464762e+03 1.818989403545856476e-11
1.255837670205824452e+03 2.182787284255027771e-11
1.255887564723184141e+03 2.455635694786906242e-11
1.255937459240543831e+03 2.728484105318784714e-11
1.255987353757903520e+03 2.910383045673370361e-11
1.256037248275263210e+03 2.910383045673370361e-11
1.256087142792622899e+03 2.637534635141491890e-11
1.256137037309982361e+03 2.182787284255027771e-11
1.256186931827342050e+03 1.728039933368563652e-11
1.256236826344701740e+03 1.364242052659392357e-11
1.256286720862061429e+03 1.182343112304806709e-11
1.256336615379421119e+03 1.182343112304806709e-11
1.256386509896780808e+03 1.546140993013978004e-11
1.256436404414140497e+03 2.000888343900442123e-11
1.256486298931500187e+03 2.455635694786906242e-11
1.256536193448859876e+03 2.728484105318784714e-11
1.256586087966219566e+03 2.910383045673370361e-11
1.256635982483579255e+03 2.910383045673370361e-11
1.256685877000938717e+03 2.728484105318784714e-11
1.256735771518298407e+03 2.455635694786906242e-11
1.256785666035658096e+03 2.182787284255027771e-11
1.256835560553017785e+03 2.091837814077734947e-11
1.256885455070377475e+03 2.000888343900442123e-11
1.256935349587737164e+03 2.182787284255027771e-11
1.256985244105096854e+03 2.455635694786906242e-11
1.257035138622456543e+03 2.728484105318784714e-11
1.257085033139816233e+03 3.092281986027956009e-11
1.257134927657175922e+03 3.365130396559834480e-11
1.257184822174535611e+03 3.547029336914420128e-11
1.257234716691895073e+03 3.456079866737127304e-11
1.257284611209254763e+03 3.274180926382541656e-11
1.257334505726614452e+03 2.910383045673370361e-11
1.257384400243974142e+03 2.637534635141491890e-11
1.257434294761333831e+03 2.273736754432320595e-11
1.257484189278693520e+03 1.909938873723149300e-11
1.257534083796053210e+03 1.728039933368563652e-11
1.257583978313412899e+03 1.546140993013978004e-11
1.257633872830772589e+03 1.546140993013978004e-11
1.257683767348132278e+03 1.637090463191270828e-11
1.257733661865491968e+03 1.728039933368563652e-11
1.257783556382851430e+03 1.728039933368563652e-11
1.257833450900211119e+03 1.728039933368563652e-11
1.257883345417570808e+03 1.728039933368563652e-11
1.257933239934930498e+03 1.728039933368563652e-11
1.257983134452290187e+03 1.728039933368563652e-11
1.258033028969649877e+03 1.728039933368563652e-11
1.258082923487009566e+03 1.637090463191270828e-11
1.258132818004369256e+03 1.455191522836685181e-11
1.258182712521728945e+03 1.455191522836685181e-11
1.258232607039088634e+03 1.455191522836685181e-11
1.258282501556448324e+03 1.364242052659392357e-11
1.258332396073807786e+03 1.273292582482099533e-11
1.258382290591167475e+03 1.182343112304806709e-11
1.258432185108527165e+03 1.000444171950221062e-11
1.258482079625886854e+03 9.094947017729282379e-12
1.258531974143246543e+03 8.185452315956354141e-12
1.258581868660606233e+03 9.094947017729282379e-12
1.258631763177965922e+03 1.091393642127513885e-11
1.258681657695325612e+03 1.364242052659392357e-11
1.258731552212685301e+03 1.546140993013978004e-11
1.258781446730044991e+03 1.728039933368563652e-11
1.258831341247404680e+03 1.728039933368563652e-11
1.258881235764764142e+03 1.818989403545856476e-11
1.258931130282123831e+03 1.909938873723149300e-11
1.258981024799483521e+03 1.818989403545856476e-11
1.259030919316843210e+03 1.728039933368563652e-11
1.259080813834202900e+03 1.637090463191270828e-11
1.259130708351562589e+03 1.546140993013978004e-11
1.259180602868922279e+03 1.364242052659392357e-11
1.259230497386281968e+03 1.182343112304806709e-11
1.259280391903641657e+03 1.000444171950221062e-11
1.259330286421001347e+03 8.185452315956354141e-12
1.259380180938360809e+03 6.366462912410497665e-12
1.259430075455720498e+03 3.637978807091712952e-12
1.259479969973080188e+03 -9.094947017729282379e-13
1.259529864490439877e+03 -5.456968210637569427e-12
1.259579759007799566e+03 -1.000444171950221062e-11
1.259629653525159256e+03 -1.364242052659392357e-11
1.259679548042518945e+03 -1.637090463191270828e-11
1.259729442559878635e+03 -1.818989403545856476e-11
1.259779337077238324e+03 -1.818989403545856476e-11
1.259829231594598014e+03 -1.728039933368563652e-11
1.259879126111957703e+03 -1.546140993013978004e-11
1.259929020629317165e+03 -1.273292582482099533e-11
1.259978915146676854e+03 -9.094947017729282379e-12
1.260028809664036544e+03 -6.366462912410497665e-12
1.260078704181396233e+03 -4.547473508864641190e-12
1.260128598698755923e+03 -5.456968210637569427e-12
1.260178493216115612e+03 -7.275957614183425903e-12
1.260228387733475302e+03 -1.000444171950221062e-11
1.260278282250834991e+03 -1.455191522836685181e-11
1.260328176768194680e+03 -1.818989403545856476e-11
1.260378071285554370e+03 -2.000888343900442123e-11
1.260427965802914059e+03 -2.000888343900442123e-11
1.260477860320273521e+03 -1.909938873723149300e-11
1.260527754837633211e+03 -1.637090463191270828e-11
1.260577649354992900e+03 -1.273292582482099533e-11
1.260627543872352589e+03 -9.094947017729282379e-12
1.260677438389712279e+03 -5.456968210637569427e-12
1.260727332907071968e+03 -2.728484105318784714e-12
1.260777227424431658e+03 -1.818989403545856476e-12
1.260827121941791347e+03 -3.637978807091712952e-12
1.260877016459151037e+03 -9.094947017729282379e-12
1.260926910976510726e+03 -1.546140993013978004e-11
1.260976805493870415e+03 -2.273736754432320595e-11
1.261026700011229877e+03 -3.001332515850663185e-11
1.261076594528589567e+03 -3.819877747446298599e-11
1.261126489045949256e+03 -4.547473508864641190e-11
1.261176383563308946e+03 -5.093170329928398132e-11
1.261226278080668635e+03 -5.547917680814862251e-11
1.261276172598028325e+03 -5.820766091346740723e-11
1.261326067115388014e+03 -6.002665031701326370e-11
1.261375961632747703e+03 -6.275513442233204842e-11
1.261425856150107393e+03 -6.366462912410497665e-11
1.261475750667467082e+03 -6.548361852765083313e-11
1.261525645184826772e+03 -6.457412382587790489e-11
1.261575539702186234e+03 -6.275513442233204842e-11
1.261625434219545923e+03 -6.002665031701326370e-11
1.261675328736905612e+03 -5.638867150992155075e-11
1.261725223254265302e+03 -5.275069270282983780e-11
1.261775117771624991e+03 -4.820321919396519661e-11
1.261825012288984681e+03 -4.456524038687348366e-11
1.261874906806344370e+03 -4.092726157978177071e-11
1.261924801323704060e+03 -3.819877747446298599e-11
1.261974695841063749e+03 -3.728928277269005775e-11
1.262024590358423438e+03 -3.637978807091712952e-11
1.262074484875783128e+03 -3.637978807091712952e-11
1.262124379393142590e+03 -3.728928277269005775e-11
1.262174273910502279e+03 -3.728928277269005775e-11
1.262224168427861969e+03 -3.728928277269005775e-11
1.262274062945221658e+03 -3.547029336914420128e-11
1.262323957462581347e+03 -3.456079866737127304e-11
1.262373851979941037e+03 -3.274180926382541656e-11
1.262423746497300726e+03 -3.001332515850663185e-11
1.262473641014660416e+03 -2.728484105318784714e-11
1.262523535532020105e+03 -2.364686224609613419e-11
1.262573430049379795e+03 -2.091837814077734947e-11
1.262623324566739484e+03 -1.728039933368563652e-11
1.262673219084098946e+03 -1.364242052659392357e-11
1.262723113601458635e+03 -1.091393642127513885e-11
1.262773008118818325e+03 -8.185452315956354141e-12
1.262822902636178014e+03 -5.456968210637569427e-12
1.262872797153537704e+03 -1.818989403545856476e-12
1.262922691670897393e+03 0.000000000000000000e+00
1.262972586188257083e+03 -1.818989403545856476e-12
1.263022480705616772e+03 -4.547473508864641190e-12
1.263072375222976461e+03 -8.185452315956354141e-12
1.263122269740336151e+03 -1.182343112304806709e-11
1.263172164257695840e+03 -1.546140993013978004e-11
1.263222058775055302e+03 -1.818989403545856476e-11
1.263271953292414992e+03 -1.818989403545856476e-11
1.263321847809774681e+03 -1.818989403545856476e-11
1.263371742327134370e+03 -1.637090463191270828e-11
1.263421636844494060e+03 -1.273292582482099533e-11
1.263471531361853749e+03 -9.094947017729282379e-12
1.263521425879213439e+03 -4.547473508864641190e-12
1.263571320396573128e+03 9.094947017729282379e-13
1.263621214913932818e+03 4.547473508864641190e-12
1.263671109431292507e+03 6.366462912410497665e-12
1.263721003948652196e+03 5.456968210637569427e-12
1.263770898466011658e+03 2.728484105318784714e-12
1.263820792983371348e+03 -9.094947017729282379e-13
1.263870687500731037e+03 -5.456968210637569427e-12
1.263920582018090727e+03 -9.094947017729282379e-12
1.263970476535450416e+03 -1.273292582482099533e-11
1.264020371052810106e+03 -1.273292582482099533e-11
1.264070265570169795e+03 -1.182343112304806709e-11
1.264120160087529484e+03 -8.185452315956354141e-12
1.264170054604889174e+03 -1.818989403545856476e-12
1.264219949122248863e+03 6.366462912410497665e-12
1.264269843639608553e+03 1.455191522836685181e-11
1.264319738156968015e+03 2.091837814077734947e-11
1.264369632674327704e+03 2.637534635141491890e-11
1.264419527191687393e+03 2.910383045673370361e-11
1.264469421709047083e+03 2.910383045673370361e-11
1.264519316226406772e+03 2.728484105318784714e-11
1.264569210743766462e+03 2.273736754432320595e-11
1.264619105261126151e+03 1.818989403545856476e-11
1.264668999778485841e+03 1.182343112304806709e-11
1.264718894295845530e+03 5.456968210637569427e-12
1.264768788813205219e+03 9.094947017729282379e-13
1.264818683330564909e+03 -3.637978807091712952e-12
1.264868577847924371e+03 -7.275957614183425903e-12
1.264918472365284060e+03 -1.000444171950221062e-11
1.264968366882643750e+03 -1.273292582482099533e-11
1.265018261400003439e+03 -1.364242052659392357e-11
1.265068155917363129e+03 -1.546140993013978004e-11
1.265118050434722818e+03 -1.546140993013978004e-11
1.265167944952082507e+03 -1.728039933368563652e-11
1.265217839469442197e+03 -1.818989403545856476e-11
1.265267733986801886e+03 -2.000888343900442123e-11
1.265317628504161576e+03 -2.273736754432320595e-11
1.265367523021521038e+03 -2.546585164964199066e-11
1.265417417538880727e+03 -2.728484105318784714e-11
1.265467312056240416e+03 -2.910383045673370361e-11
1.265517206573600106e+03 -3.183231456205248833e-11
1.265567101090959795e+03 -3.547029336914420128e-11
1.265616995608319485e+03 -3.910827217623591423e-11
1.265666890125679174e+03 -4.274625098332762718e-11
1.265716784643038864e+03 -4.729372449219226837e-11
1.265766679160398553e+03 -5.002220859751105309e-11
1.265816573677758242e+03 -5.184119800105690956e-11
1.265866468195117932e+03 -5.184119800105690956e-11
1.265916362712477394e+03 -5.002220859751105309e-11
1.265966257229837083e+03 -4.638422979041934013e-11
1.266016151747196773e+03 -4.092726157978177071e-11
1.266066046264556462e+03 -3.547029336914420128e-11
1.266115940781916152e+03 -2.819433575496077538e-11
1.266165835299275841e+03 -2.000888343900442123e-11
1.266215729816635530e+03 -1.364242052659392357e-11
1.266265624333995220e+03 -1.000444171950221062e-11
1.266315518851354909e+03 -9.094947017729282379e-12
1.266365413368714599e+03 -1.000444171950221062e-11
1.266415307886074288e+03 -1.455191522836685181e-11
1.266465202403433750e+03 -1.818989403545856476e-11
1.266515096920793439e+03 -2.273736754432320595e-11
1.266564991438153129e+03 -2.637534635141491890e-11
1.266614885955512818e+03 -2.910383045673370361e-11
1.266664780472872508e+03 -3.001332515850663185e-11
1.266714674990232197e+03 -2.819433575496077538e-11
1.266764569507591887e+03 -2.455635694786906242e-11
1.266814464024951576e+03 -1.818989403545856476e-11
1.266864358542311265e+03 -1.000444171950221062e-11
1.266914253059670955e+03 9.094947017729282379e-13
1.266964147577030644e+03 1.182343112304806709e-11
1.267014042094390106e+03 2.182787284255027771e-11
1.267063936611749796e+03 3.001332515850663185e-11
1.267113831129109485e+03 3.637978807091712952e-11
1.267163725646469175e+03 3.910827217623591423e-11
1.267213620163828864e+03 4.092726157978177071e-11
1.267263514681188553e+03 4.092726157978177071e-11
1.267313409198548243e+03 3.910827217623591423e-11
1.267363303715907932e+03 3.547029336914420128e-11
1.267413198233267622e+03 3.183231456205248833e-11
1.267463092750627311e+03 2.728484105318784714e-11
1.267512987267987000e+03 2.455635694786906242e-11
1.267562881785346462e+03 2.455635694786906242e-11
1.267612776302706152e+03 2.637534635141491890e-11
1.267662670820065841e+03 3.092281986027956009e-11
1.267712565337425531e+03 3.728928277269005775e-11
1.267762459854785220e+03 4.638422979041934013e-11
1.267812354372144910e+03 5.547917680814862251e-11
1.267862248889504599e+03 6.457412382587790489e-11
1.267912143406864288e+03 7.275957614183425903e-11
1.267962037924223978e+03 7.821654435247182846e-11
1.268011932441583667e+03 8.185452315956354141e-11
1.268061826958943357e+03 8.185452315956354141e-11
1.268111721476302819e+03 7.912603905424475670e-11
1.268161615993662508e+03 7.457856554538011551e-11
1.268211510511022198e+03 6.912159733474254608e-11
1.268261405028381887e+03 6.184563972055912018e-11
1.268311299545741576e+03 5.456968210637569427e-11
1.268361194063101266e+03 4.911271389573812485e-11
1.268411088580460955e+03 4.638422979041934013e-11
1.268460983097820645e+03 4.456524038687348366e-11
1.268510877615180334e+03 4.638422979041934013e-11
1.268560772132540023e+03 5.002220859751105309e-11
1.268610666649899713e+03 5.456968210637569427e-11
1.268660561167259175e+03 5.820766091346740723e-11
1.268710455684618864e+03 6.093614501878619194e-11
1.268760350201978554e+03 6.184563972055912018e-11
1.268810244719338243e+03 6.184563972055912018e-11
1.268860139236697933e+03 5.911715561524033546e-11
1.268910033754057622e+03 5.638867150992155075e-11
1.268959928271417311e+03 5.184119800105690956e-11
1.269009822788777001e+03 4.729372449219226837e-11
1.269059717306136690e+03 4.456524038687348366e-11
1.269109611823496380e+03 4.183675628155469894e-11
1.269159506340856069e+03 4.001776687800884247e-11
1.269209400858215531e+03 4.092726157978177071e-11
1.269259295375575221e+03 4.092726157978177071e-11
1.269309189892934910e+03 4.092726157978177071e-11
1.269359084410294599e+03 3.910827217623591423e-11
1.269408978927654289e+03 3.728928277269005775e-11
1.269458873445013978e+03 3.637978807091712952e-11
1.269508767962373668e+03 3.547029336914420128e-11
1.269558662479733357e+03 3.728928277269005775e-11
1.269608556997093046e+03 3.910827217623591423e-11
1.269658451514452736e+03 4.183675628155469894e-11
1.269708346031812425e+03 4.638422979041934013e-11
1.269758240549171887e+03 5.002220859751105309e-11
1.269808135066531577e+03 5.366018740460276604e-11
1.269858029583891266e+03 5.547917680814862251e-11
1.269907924101250956e+03 5.456968210637569427e-11
1.269957818618610645e+03 4.911271389573812485e-11
1.270007713135970334e+03 4.274625098332762718e-11
1.270057607653330024e+03 3.274180926382541656e-11
1.270107502170689713e+03 2.182787284255027771e-11
1.270157396688049403e+03 1.182343112304806709e-11
1.270207291205409092e+03 4.547473508864641190e-12
1.270257185722768781e+03 -1.818989403545856476e-12
1.270307080240128244e+03 -5.456968210637569427e-12
1.270356974757487933e+03 -5.456968210637569427e-12
1.270406869274847622e+03 -5.456968210637569427e-12
1.270456763792207312e+03 -3.637978807091712952e-12
1.270506658309567001e+03 -1.818989403545856476e-12
1.270556552826926691e+03 0.000000000000000000e+00
1.270606447344286380e+03 -9.094947017729282379e-13
1.270656341861646069e+03 -3.637978807091712952e-12
1.270706236379005759e+03 -9.094947017729282379e-12
1.270756130896365448e+03 -1.455191522836685181e-11
1.270806025413725138e+03 -1.909938873723149300e-11
1.270855919931084600e+03 -2.182787284255027771e-11
1.270905814448444289e+03 -2.273736754432320595e-11
1.270955708965803979e+03 -2.273736754432320595e-11
1.271005603483163668e+03 -2.000888343900442123e-11
1.271055498000523357e+03 -1.728039933368563652e-11
1.271105392517883047e+03 -1.273292582482099533e-11
1.271155287035242736e+03 -8.185452315956354141e-12
1.271205181552602426e+03 -2.728484105318784714e-12
1.271255076069962115e+03 2.728484105318784714e-12
1.271304970587321804e+03 8.185452315956354141e-12
1.271354865104681267e+03 1.273292582482099533e-11
1.271404759622040956e+03 1.728039933368563652e-11
1.271454654139400645e+03 2.182787284255027771e-11
1.271504548656760335e+03 2.546585164964199066e-11
1.271554443174120024e+03 2.728484105318784714e-11
1.271604337691479714e+03 2.455635694786906242e-11
1.271654232208839403e+03 1.909938873723149300e-11
1.271704126726199092e+03 1.182343112304806709e-11
1.271754021243558782e+03 2.728484105318784714e-12
1.271803915760918471e+03 -5.456968210637569427e-12
1.271853810278278161e+03 -1.273292582482099533e-11
1.271903704795637623e+03 -1.637090463191270828e-11
1.271953599312997312e+03 -1.637090463191270828e-11
1.272003493830357002e+03 -1.546140993013978004e-11
1.272053388347716691e+03 -1.091393642127513885e-11
1.272103282865076380e+03 -7.275957614183425903e-12
1.272153177382436070e+03 -3.637978807091712952e-12
1.272203071899795759e+03 -1.818989403545856476e-12
1.272252966417155449e+03 -2.728484105318784714e-12
1.272302860934515138e+03 -4.547473508864641190e-12
1.272352755451874827e+03 -8.185452315956354141e-12
1.272402649969234517e+03 -1.364242052659392357e-11
1.272452544486593979e+03 -1.818989403545856476e-11
1.272502439003953668e+03 -2.091837814077734947e-11
1.272552333521313358e+03 -2.000888343900442123e-11
1.272602228038673047e+03 -1.637090463191270828e-11
1.272652122556032737e+03 -1.000444171950221062e-11
1.272702017073392426e+03 -2.728484105318784714e-12
1.272751911590752115e+03 4.547473508864641190e-12
1.272801806108111805e+03 1.091393642127513885e-11
1.272851700625471494e+03 1.364242052659392357e-11
1.272901595142831184e+03 1.364242052659392357e-11
1.272951489660190873e+03 1.091393642127513885e-11
1.273001384177550335e+03 6.366462912410497665e-12
1.273051278694910025e+03 9.094947017729282379e-13
1.273101173212269714e+03 -5.456968210637569427e-12
1.273151067729629403e+03 -9.094947017729282379e-12
1.273200962246989093e+03 -1.182343112304806709e-11
1.273250856764348782e+03 -1.273292582482099533e-11
1.273300751281708472e+03 -1.273292582482099533e-11
1.273350645799068161e+03 -1.182343112304806709e-11
1.273400540316427850e+03 -1.000444171950221062e-11
1.273450434833787540e+03 -9.094947017729282379e-12
1.273500329351147229e+03 -8.185452315956354141e-12
1.273550223868506691e+03 -9.094947017729282379e-12
1.273600118385866381e+03 -1.091393642127513885e-11
1.273650012903226070e+03 -1.273292582482099533e-11
1.273699907420585760e+03 -1.455191522836685181e-11
1.273749801937945449e+03 -1.546140993013978004e-11
1.273799696455305138e+03 -1.364242052659392357e-11
1.273849590972664828e+03 -1.182343112304806709e-11
1.273899485490024517e+03 -9.094947017729282379e-12
1.273949380007384207e+03 -8.185452315956354141e-12
1.273999274524743896e+03 -8.185452315956354141e-12
1.274049169042103586e+03 -1.000444171950221062e-11
1.274099063559463048e+03 -1.364242052659392357e-11
1.274148958076822737e+03 -1.818989403545856476e-11
1.274198852594182426e+03 -2.273736754432320595e-11
1.274248747111542116e+03 -2.819433575496077538e-11
1.274298641628901805e+03 -3.274180926382541656e-11
1.274348536146261495e+03 -3.728928277269005775e-11
1.274398430663621184e+03 -4.001776687800884247e-11
1.274448325180980873e+03 -4.001776687800884247e-11
1.274498219698340563e+03 -3.819877747446298599e-11
1.274548114215700252e+03 -3.547029336914420128e-11
1.274598008733059942e+03 -3.365130396559834480e-11
1.274647903250419404e+03 -3.365130396559834480e-11
1.274697797767779093e+03 -3.637978807091712952e-11
1.274747692285138783e+03 -3.910827217623591423e-11
1.274797586802498472e+03 -4.274625098332762718e-11
1.274847481319858161e+03 -4.638422979041934013e-11
1.274897375837217851e+03 -4.820321919396519661e-11
1.274947270354577540e+03 -4.820321919396519661e-11
1.274997164871937230e+03 -4.820321919396519661e-11
1.275047059389296919e+03 -4.820321919396519661e-11
1.275096953906656609e+03 -4.729372449219226837e-11
1.275146848424016298e+03 -4.638422979041934013e-11
1.275196742941375760e+03 -4.547473508864641190e-11
1.275246637458735449e+03 -4.547473508864641190e-11
1.275296531976095139e+03 -4.365574568510055542e-11
1.275346426493454828e+03 -4.274625098332762718e-11
1.275396321010814518e+03 -4.183675628155469894e-11
1.275446215528174207e+03 -3.910827217623591423e-11
1.275496110045533896e+03 -3.456079866737127304e-11
1.275546004562893586e+03 -2.637534635141491890e-11
1.275595899080253275e+03 -2.000888343900442123e-11
1.275645793597612965e+03 -1.364242052659392357e-11
1.275695688114972654e+03 -1.000444171950221062e-11
1.275745582632332116e+03 -1.000444171950221062e-11
1.275795477149691806e+03 -1.273292582482099533e-11
1.275845371667051495e+03 -1.909938873723149300e-11
1.275895266184411184e+03 -2.728484105318784714e-11
1.275945160701770874e+03 -3.365130396559834480e-11
1.275995055219130563e+03 -3.910827217623591423e-11
1.276044949736490253e+03 -4.001776687800884247e-11
1.276094844253849942e+03 -3.547029336914420128e-11
1.276144738771209632e+03 -2.546585164964199066e-11
1.276194633288569321e+03 -1.000444171950221062e-11
1.276244527805929010e+03 7.275957614183425903e-12
1.276294422323288472e+03 2.455635694786906242e-11
1.276344316840648162e+03 3.819877747446298599e-11
1.276394211358007851e+03 4.547473508864641190e-11
1.276444105875367541e+03 4.729372449219226837e-11
1.276494000392727230e+03 4.365574568510055542e-11
1.276543894910086919e+03 3.547029336914420128e-11
1.276593789427446609e+03 2.455635694786906242e-11
1.276643683944806298e+03 1.182343112304806709e-11
1.276693578462165988e+03 9.094947017729282379e-13
1.276743472979525677e+03 -8.185452315956354141e-12
1.276793367496885139e+03 -1.273292582482099533e-11
1.276843262014244829e+03 -1.455191522836685181e-11
1.276893156531604518e+03 -1.364242052659392357e-11
1.276943051048964207e+03 -1.182343112304806709e-11
1.276992945566323897e+03 -1.000444171950221062e-11
1.277042840083683586e+03 -8.185452315956354141e-12
1.277092734601043276e+03 -5.456968210637569427e-12
1.277142629118402965e+03 -4.547473508864641190e-12
1.277192523635762655e+03 -2.728484105318784714e-12
1.277242418153122344e+03 -9.094947017729282379e-13
1.277292312670482033e+03 0.000000000000000000e+00
1.277342207187841495e+03 1.818989403545856476e-12
1.277392101705201185e+03 3.637978807091712952e-12
1.277441996222560874e+03 3.637978807091712952e-12
1.277491890739920564e+03 9.094947017729282379e-13
1.277541785257280253e+03 -2.728484105318784714e-12
1.277591679774639942e+03 -9.094947017729282379e-12
1.277641574291999632e+03 -1.637090463191270828e-11
1.277691468809359321e+03 -2.364686224609613419e-11
1.277741363326719011e+03 -2.910383045673370361e-11
1.277791257844078700e+03 -3.092281986027956009e-11
1.277841152361438390e+03 -2.910383045673370361e-11
1.277891046878797852e+03 -2.182787284255027771e-11
1.277940941396157541e+03 -1.091393642127513885e-11
1.277990835913517230e+03 9.094947017729282379e-13
1.278040730430876920e+03 1.364242052659392357e-11
1.278090624948236609e+03 2.455635694786906242e-11
1.278140519465596299e+03 3.274180926382541656e-11
1.278190413982955988e+03 3.728928277269005775e-11
1.278240308500315678e+03 3.637978807091712952e-11
1.278290203017675367e+03 3.183231456205248833e-11
1.278340097535035056e+03 2.455635694786906242e-11
1.278389992052394746e+03 1.455191522836685181e-11
1.278439886569754208e+03 4.547473508864641190e-12
1.278489781087113897e+03 -2.728484105318784714e-12
1.278539675604473587e+03 -9.094947017729282379e-12
1.278589570121833276e+03 -1.273292582482099533e-11
1.278639464639192965e+03 -1.273292582482099533e-11
1.278689359156552655e+03 -1.000444171950221062e-11
1.278739253673912344e+03 -6.366462912410497665e-12
1.278789148191272034e+03 0.000000000000000000e+00
1.278839042708631723e+03 6.366462912410497665e-12
1.278888937225991413e+03 1.273292582482099533e-11
1.278938831743351102e+03 2.000888343900442123e-11
1.278988726260710564e+03 2.637534635141491890e-11
1.279038620778070253e+03 3.274180926382541656e-11
1.279088515295429943e+03 3.819877747446298599e-11
1.279138409812789632e+03 4.274625098332762718e-11
1.279188304330149322e+03 4.456524038687348366e-11
1.279238198847509011e+03 4.183675628155469894e-11
1.279288093364868701e+03 3.456079866737127304e-11
1.279337987882228390e+03 2.364686224609613419e-11
1.279387882399588079e+03 9.094947017729282379e-12
1.279437776916947769e+03 -4.547473508864641190e-12
1.279487671434307458e+03 -1.818989403545856476e-11
1.279537565951666920e+03 -2.819433575496077538e-11
1.279587460469026610e+03 -3.456079866737127304e-11
1.279637354986386299e+03 -3.547029336914420128e-11
1.279687249503745988e+03 -2.910383045673370361e-11
1.279737144021105678e+03 -1.818989403545856476e-11
1.279787038538465367e+03 -2.728484105318784714e-12
1.279836933055825057e+03 1.455191522836685181e-11
1.279886827573184746e+03 2.910383045673370361e-11
1.279936722090544436e+03 3.910827217623591423e-11
1.279986616607904125e+03 4.274625098332762718e-11
1.280036511125263814e+03 3.728928277269005775e-11
1.280086405642623276e+03 2.728484105318784714e-11
1.280136300159982966e+03 1.364242052659392357e-11
1.280186194677342655e+03 -1.818989403545856476e-12
1.280236089194702345e+03 -1.546140993013978004e-11
1.280285983712062034e+03 -2.546585164964199066e-11
1.280335878229421724e+03 -2.910383045673370361e-11
1.280385772746781413e+03 -2.819433575496077538e-11
1.280435667264141102e+03 -2.364686224609613419e-11
1.280485561781500792e+03 -1.455191522836685181e-11
1.280535456298860481e+03 -5.456968210637569427e-12
1.280585350816220171e+03 3.637978807091712952e-12
1.280635245333579633e+03 1.091393642127513885e-11
1.280685139850939322e+03 1.455191522836685181e-11
1.280735034368299011e+03 1.546140993013978004e-11
1.280784928885658701e+03 1.455191522836685181e-11
1.280834823403018390e+03 1.091393642127513885e-11
1.280884717920378080e+03 7.275957614183425903e-12
1.280934612437737769e+03 3.637978807091712952e-12
1.280984506955097459e+03 9.094947017729282379e-13
1.281034401472457148e+03 -2.728484105318784714e-12
1.281084295989816837e+03 -6.366462912410497665e-12
1.281134190507176527e+03 -1.091393642127513885e-11
1.281184085024535989e+03 -1.637090463191270828e-11
1.281233979541895678e+03 -2.091837814077734947e-11
1.281283874059255368e+03 -2.364686224609613419e-11
1.281333768576615057e+03 -2.364686224609613419e-11
1.281383663093974747e+03 -2.000888343900442123e-11
1.281433557611334436e+03 -1.455191522836685181e-11
1.281483452128694125e+03 -4.547473508864641190e-12
1.281533346646053815e+03 9.094947017729282379e-12
1.281583241163413504e+03 2.364686224609613419e-11
1.281633135680773194e+03 3.728928277269005775e-11
1.281683030198132883e+03 4.820321919396519661e-11
1.281732924715492345e+03 5.456968210637569427e-11
1.281782819232852034e+03 5.820766091346740723e-11
1.281832713750211724e+03 5.638867150992155075e-11
1.281882608267571413e+03 5.093170329928398132e-11
1.281932502784931103e+03 4.365574568510055542e-11
1.281982397302290792e+03 3.547029336914420128e-11
1.282032291819650482e+03 2.910383045673370361e-11
1.282082186337010171e+03 2.364686224609613419e-11
1.282132080854369860e+03 2.091837814077734947e-11
1.282181975371729550e+03 1.909938873723149300e-11
1.282231869889089239e+03 1.909938873723149300e-11
1.282281764406448701e+03 2.091837814077734947e-11
1.282331658923808391e+03 2.364686224609613419e-11
1.282381553441168080e+03 2.637534635141491890e-11
1.282431447958527770e+03 2.910383045673370361e-11
1.282481342475887459e+03 3.274180926382541656e-11
1.282531236993247148e+03 3.456079866737127304e-11
1.282581131510606838e+03 3.547029336914420128e-11
1.282631026027966527e+03 3.456079866737127304e-11
1.282680920545326217e+03 3.365130396559834480e-11
1.282730815062685906e+03 3.183231456205248833e-11
1.282780709580045368e+03 2.819433575496077538e-11
1.282830604097405057e+03 2.273736754432320595e-11
1.282880498614764747e+03 1.637090463191270828e-11
1.282930393132124436e+03 7.275957614183425903e-12
1.282980287649484126e+03 -9.094947017729282379e-13
1.283030182166843815e+03 -1.000444171950221062e-11
1.283080076684203505e+03 -1.637090463191270828e-11
1.283129971201563194e+03 -1.909938873723149300e-11
1.283179865718922883e+03 -1.818989403545856476e-11
1.283229760236282573e+03 -1.455191522836685181e-11
1.283279654753642262e+03 -8.185452315956354141e-12
1.283329549271001724e+03 0.000000000000000000e+00
1.283379443788361414e+03 7.275957614183425903e-12
1.283429338305721103e+03 1.182343112304806709e-11
1.283479232823080793e+03 1.182343112304806709e-11
1.283529127340440482e+03 9.094947017729282379e-12
1.283579021857800171e+03 1.818989403545856476e-12
1.283628916375159861e+03 -9.094947017729282379e-12
1.283678810892519550e+03 -2.273736754432320595e-11
1.283728705409879240e+03 -3.547029336914420128e-11
1.283778599927238929e+03 -4.820321919396519661e-11
1.283828494444598618e+03 -5.820766091346740723e-11
1.283878388961958080e+03 -6.548361852765083313e-11
1.283928283479317770e+03 -6.639311322942376137e-11
1.283978177996677459e+03 -6.366462912410497665e-11
1.284028072514037149e+03 -5.820766091346740723e-11
1.284077967031396838e+03 -5.002220859751105309e-11
1.284127861548756528e+03 -4.365574568510055542e-11
1.284177756066116217e+03 -3.819877747446298599e-11
1.284227650583475906e+03 -3.456079866737127304e-11
1.284277545100835596e+03 -3.274180926382541656e-11
1.284327439618195285e+03 -3.183231456205248833e-11
1.284377334135554975e+03 -3.274180926382541656e-11
1.284427228652914437e+03 -3.637978807091712952e-11
1.284477123170274126e+03 -3.910827217623591423e-11
1.284527017687633816e+03 -4.183675628155469894e-11
1.284576912204993505e+03 -4.274625098332762718e-11
1.284626806722353194e+03 -4.274625098332762718e-11
1.284676701239712884e+03 -4.274625098332762718e-11
1.284726595757072573e+03 -4.092726157978177071e-11
1.284776490274432263e+03 -4.001776687800884247e-11
1.284826384791791952e+03 -4.092726157978177071e-11
1.284876279309151641e+03 -4.274625098332762718e-11
1.284926173826511331e+03 -4.456524038687348366e-11
1.284976068343870793e+03 -4.547473508864641190e-11
1.285025962861230482e+03 -4.547473508864641190e-11
1.285075857378590172e+03 -4.547473508864641190e-11
1.285125751895949861e+03 -4.183675628155469894e-11
1.285175646413309551e+03 -3.547029336914420128e-11
1.285225540930669240e+03 -2.728484105318784714e-11
1.285275435448028929e+03 -1.818989403545856476e-11
1.285325329965388619e+03 -9.094947017729282379e-12
1.285375224482748308e+03 -9.094947017729282379e-13
1.285425119000107998e+03 4.547473508864641190e-12
1.285475013517467687e+03 7.275957614183425903e-12
1.285524908034827149e+03 7.275957614183425903e-12
1.285574802552186839e+03 7.275957614183425903e-12
1.285624697069546528e+03 4.547473508864641190e-12
1.285674591586906217e+03 9.094947017729282379e-13
1.285724486104265907e+03 -1.818989403545856476e-12
1.285774380621625596e+03 -2.728484105318784714e-12
1.285824275138985286e+03 -2.728484105318784714e-12
1.285874169656344975e+03 1.818989403545856476e-12
1.285924064173704664e+03 9.094947017729282379e-12
1.285973958691064354e+03 1.909938873723149300e-11
1.286023853208424043e+03 3.183231456205248833e-11
1.286073747725783505e+03 4.274625098332762718e-11
1.286123642243143195e+03 5.366018740460276604e-11
1.286173536760502884e+03 6.184563972055912018e-11
1.286223431277862574e+03 6.730260793119668961e-11
1.286273325795222263e+03 6.912159733474254608e-11
1.286323220312581952e+03 6.912159733474254608e-11
1.286373114829941642e+03 6.730260793119668961e-11
1.286423009347301331e+03 6.275513442233204842e-11
1.286472903864661021e+03 5.547917680814862251e-11
1.286522798382020710e+03 4.456524038687348366e-11
1.286572692899380399e+03 3.183231456205248833e-11
1.286622587416739862e+03 1.728039933368563652e-11
1.286672481934099551e+03 9.094947017729282379e-13
1.286722376451459240e+03 -1.455191522836685181e-11
1.286772270968818930e+03 -2.910383045673370361e-11
1.286822165486178619e+03 -4.274625098332762718e-11
1.286872060003538309e+03 -5.547917680814862251e-11
1.286921954520897998e+03 -6.548361852765083313e-11
1.286971849038257687e+03 -7.275957614183425903e-11
1.287021743555617377e+03 -7.457856554538011551e-11
1.287071638072977066e+03 -7.003109203651547432e-11
1.287121532590336756e+03 -6.275513442233204842e-11
1.287171427107696218e+03 -5.093170329928398132e-11
1.287221321625055907e+03 -3.637978807091712952e-11
1.287271216142415597e+03 -2.091837814077734947e-11
1.287321110659775286e+03 -6.366462912410497665e-12
1.287371005177134975e+03 1.000444171950221062e-11
1.287420899694494665e+03 2.728484105318784714e-11
1.287470794211854354e+03 4.456524038687348366e-11
1.287520688729214044e+03 5.729816621169447899e-11
1.287570583246573733e+03 6.912159733474254608e-11
1.287620477763933422e+03 7.912603905424475670e-11
1.287670372281293112e+03 8.822098607197403908e-11
1.287720266798652574e+03 9.549694368615746498e-11
1.287770161316012263e+03 1.009539118967950344e-10
1.287820055833371953e+03 1.045918907038867474e-10
1.287869950350731642e+03 1.045918907038867474e-10
1.287919844868091332e+03 1.009539118967950344e-10
1.287969739385451021e+03 9.458744898438453674e-11
1.288019633902810710e+03 8.731149137020111084e-11
1.288069528420170400e+03 8.003553375601768494e-11
1.288119422937530089e+03 7.457856554538011551e-11
1.288169317454889779e+03 7.185008144006133080e-11
1.288219211972249468e+03 6.912159733474254608e-11
1.288269106489608930e+03 6.639311322942376137e-11
1.288319001006968620e+03 6.184563972055912018e-11
1.288368895524328309e+03 5.729816621169447899e-11
1.288418790041687998e+03 4.911271389573812485e-11
1.288468684559047688e+03 4.001776687800884247e-11
1.288518579076407377e+03 3.092281986027956009e-11
1.288568473593767067e+03 2.000888343900442123e-11
1.288618368111126756e+03 9.094947017729282379e-12
1.288668262628486445e+03 9.094947017729282379e-13
1.288718157145846135e+03 -6.366462912410497665e-12
1.288768051663205597e+03 -1.000444171950221062e-11
1.288817946180565286e+03 -9.094947017729282379e-12
1.288867840697924976e+03 -3.637978807091712952e-12
1.288917735215284665e+03 4.547473508864641190e-12
1.288967629732644355e+03 1.273292582482099533e-11
1.289017524250004044e+03 2.091837814077734947e-11
1.289067418767363733e+03 2.819433575496077538e-11
1.289117313284723423e+03 3.365130396559834480e-11
1.289167207802083112e+03 3.728928277269005775e-11
1.289217102319442802e+03 3.819877747446298599e-11
1.289266996836802491e+03 3.819877747446298599e-11
1.289316891354161953e+03 3.819877747446298599e-11
1.289366785871521643e+03 3.910827217623591423e-11
1.289416680388881332e+03 4.001776687800884247e-11
1.289466574906241021e+03 4.274625098332762718e-11
1.289516469423600711e+03 4.456524038687348366e-11
1.289566363940960400e+03 4.456524038687348366e-11
1.289616258458320090e+03 4.547473508864641190e-11
1.289666152975679779e+03 4.729372449219226837e-11
1.289716047493039468e+03 4.729372449219226837e-11
1.289765942010399158e+03 4.729372449219226837e-11
1.289815836527758847e+03 4.638422979041934013e-11
1.289865731045118309e+03 4.456524038687348366e-11
1.289915625562477999e+03 4.274625098332762718e-11
1.289965520079837688e+03 4.365574568510055542e-11
1.290015414597197378e+03 4.547473508864641190e-11
1.290065309114557067e+03 4.911271389573812485e-11
1.290115203631916756e+03 5.184119800105690956e-11
1.290165098149276446e+03 5.184119800105690956e-11
1.290214992666636135e+03 4.911271389573812485e-11
1.290264887183995825e+03 4.183675628155469894e-11
1.290314781701355514e+03 3.274180926382541656e-11
1.290364676218715204e+03 2.000888343900442123e-11
1.290414570736074666e+03 4.547473508864641190e-12
1.290464465253434355e+03 -1.182343112304806709e-11
1.290514359770794044e+03 -3.183231456205248833e-11
1.290564254288153734e+03 -5.366018740460276604e-11
1.290614148805513423e+03 -7.366907084360718727e-11
1.290664043322873113e+03 -9.003997547551989555e-11
1.290713937840232802e+03 -1.045918907038867474e-10
1.290763832357592491e+03 -1.155058271251618862e-10
1.290813726874952181e+03 -1.236912794411182404e-10
1.290863621392311870e+03 -1.300577423535287380e-10
1.290913515909671560e+03 -1.355147105641663074e-10
1.290963410427031022e+03 -1.364242052659392357e-10
1.291013304944390711e+03 -1.336957211606204510e-10
1.291063199461750401e+03 -1.273292582482099533e-10
1.291113093979110090e+03 -1.182343112304806709e-10
1.291162988496469779e+03 -1.055013854056596756e-10
1.291212883013829469e+03 -9.276845958083868027e-11
1.291262777531189158e+03 -8.185452315956354141e-11
1.291312672048548848e+03 -7.275957614183425903e-11
1.291362566565908537e+03 -6.821210263296961784e-11
1.291412461083268227e+03 -6.548361852765083313e-11
1.291462355600627916e+03 -6.548361852765083313e-11
1.291512250117987378e+03 -6.639311322942376137e-11
1.291562144635347067e+03 -6.639311322942376137e-11
1.291612039152706757e+03 -6.275513442233204842e-11
1.291661933670066446e+03 -5.547917680814862251e-11
1.291711828187426136e+03 -4.183675628155469894e-11
1.291761722704785825e+03 -2.273736754432320595e-11
1.291811617222145514e+03 -1.818989403545856476e-12
1.291861511739505204e+03 2.091837814077734947e-11
1.291911406256864893e+03 4.183675628155469894e-11
1.291961300774224583e+03 5.820766091346740723e-11
1.292011195291584272e+03 6.912159733474254608e-11
1.292061089808943734e+03 7.366907084360718727e-11
1.292110984326303424e+03 7.185008144006133080e-11
1.292160878843663113e+03 6.457412382587790489e-11
1.292210773361022802e+03 5.911715561524033546e-11
1.292260667878382492e+03 5.638867150992155075e-11
1.292310562395742181e+03 6.093614501878619194e-11
1.292360456913101871e+03 7.639755494892597198e-11
1.292410351430461560e+03 1.045918907038867474e-10
1.292460245947821250e+03 1.391526893712580204e-10
1.292510140465180939e+03 1.764419721439480782e-10
1.292560034982540628e+03 2.182787284255027771e-10
1.292609929499900090e+03 2.564775058999657631e-10
1.292659824017259780e+03 2.901288098655641079e-10
1.292709718534619469e+03 3.119566827081143856e-10
1.292759613051979159e+03 3.237801138311624527e-10
1.292809507569338848e+03 3.228706191293895245e-10
1.292859402086698537e+03 3.092281986027956009e-10
1.292909296604058227e+03 2.828528522513806820e-10
1.292959191121417916e+03 2.464730641804635525e-10
1.293009085638777606e+03 2.019078237935900688e-10
1.293058980156137295e+03 1.491571310907602310e-10
1.293108874673496985e+03 9.367795428261160851e-11
1.293158769190856447e+03 3.547029336914420128e-11
1.293208663708216136e+03 -2.273736754432320595e-11
1.293258558225575825e+03 -8.094502845779061317e-11
1.293308452742935515e+03 -1.373336999677121639e-10
1.293358347260295204e+03 -1.900843926705420017e-10
1.293408241777654894e+03 -2.355591277591884136e-10
1.293458136295014583e+03 -2.737579052336513996e-10
1.293508030812374273e+03 -3.046807250939309597e-10
1.293557925329733962e+03 -3.274180926382541656e-10
1.293607819847093651e+03 -3.446984919719398022e-10
1.293657714364453341e+03 -3.565219230949878693e-10
1.293707608881812803e+03 -3.656168701127171516e-10
1.293757503399172492e+03 -3.747118171304464340e-10
1.293807397916532182e+03 -3.874447429552674294e-10
1.293857292433891871e+03 -4.038156475871801376e-10
1.293907186951251560e+03 -4.301909939385950565e-10
1.293957081468611250e+03 -4.647517926059663296e-10
1.294006975985970939e+03 -5.029505700804293156e-10
1.294056870503330629e+03 -5.393303581513464451e-10
1.294106765020690318e+03 -5.729816621169447899e-10
1.294156659538050008e+03 -5.993570084683597088e-10
1.294206554055409470e+03 -6.220943760126829147e-10
1.294256448572769159e+03 -6.421032594516873360e-10
1.294306343090128848e+03 -6.648406269960105419e-10
1.294356237607488538e+03 -7.003109203651547432e-10
1.294406132124848227e+03 -7.539711077697575092e-10
1.294456026642207917e+03 -8.321876521222293377e-10
1.294505921159567606e+03 -9.167706593871116638e-10
1.294555815676927295e+03 -1.014996087178587914e-09
1.294605710194286985e+03 -1.111402525566518307e-09
1.294655604711646674e+03 -1.194166543427854776e-09
1.294705499229006364e+03 -1.248736225534230471e-09
1.294755393746365826e+03 -1.264197635464370251e-09
1.294805288263725515e+03 -1.234184310305863619e-09
1.294855182781085205e+03 -1.159605744760483503e-09
1.294905077298444894e+03 -1.045009412337094545e-09
1.294954971815804583e+03 -9.013092494569718838e-10
1.295004866333164273e+03 -7.466951501555740833e-10
1.295054760850523962e+03 -5.993570084683597088e-10
1.295104655367883652e+03 -4.802132025361061096e-10
1.295154549885243341e+03 -4.010871634818613529e-10
1.295204444402603031e+03 -3.628883860073983669e-10
1.295254338919962720e+03 -3.519744495861232281e-10
1.295304233437322182e+03 -3.383320290595293045e-10
1.295354127954681871e+03 -2.828528522513806820e-10
1.295404022472041561e+03 -1.455191522836685181e-10
1.295453916989401250e+03 1.464286469854414463e-10
1.295503811506760940e+03 6.784830475226044655e-10
1.295553706024120629e+03 1.400621840730309486e-09
1.295603600541480318e+03 2.305569068994373083e-09
1.295653495058840008e+03 3.256900527048856020e-09
1.295703389576199697e+03 4.284629540052264929e-09
1.295753284093559387e+03 5.216861609369516373e-09
1.295803178610919076e+03 5.979018169455230236e-09
1.295853073128278538e+03 6.366462912410497665e-09
1.295902967645638228e+03 6.416485121008008718e-09
1.295952862162997917e+03 6.053596735000610352e-09
1.296002756680357606e+03 5.239598976913839579e-09
1.296052651197717296e+03 4.153662302996963263e-09
1.296102545715076985e+03 2.949491317849606276e-09
1.296152440232436675e+03 1.585249265190213919e-09
1.296202334749796364e+03 2.683009370230138302e-10
1.296252229267156054e+03 -8.894858183339238167e-10
1.296302123784515743e+03 -1.817170414142310619e-09
1.296352018301875432e+03 -2.489286998752504587e-09
1.296401912819234894e+03 -2.916749508585780859e-09
1.296451807336594584e+03 -3.131390258204191923e-09
1.296501701853954273e+03 -3.177774487994611263e-09
1.296551596371313963e+03 -3.103195922449231148e-09
1.296601490888673652e+03 -2.948581823147833347e-09
1.296651385406033341e+03 -2.746673999354243279e-09
1.296701279923393031e+03 -2.524757292121648788e-09
1.296751174440752720e+03 -2.295564627274870872e-09
1.296801068958112410e+03 -2.066371962428092957e-09
1.296850963475472099e+03 -1.837179297581315041e-09
1.296900857992831789e+03 -1.607986632734537125e-09
1.296950752510191251e+03 -1.379703462589532137e-09
1.297000647027550940e+03 -1.165972207672894001e-09
1.297050541544910629e+03 -9.422365110367536545e-10
1.297100436062270319e+03 -7.130438461899757385e-10
1.297150330579630008e+03 -5.120455170981585979e-10
1.297200225096989698e+03 -3.328750608488917351e-10
1.297250119614349387e+03 -1.873559085652232170e-10
1.297300014131709077e+03 -5.366018740460276604e-11
1.297349908649068766e+03 3.910827217623591423e-11
1.297399803166428455e+03 1.027729013003408909e-10
1.297449697683788145e+03 1.364242052659392357e-10
1.297499592201147607e+03 1.500666257925331593e-10
1.297549486718507296e+03 1.473381416872143745e-10
1.297599381235866986e+03 1.336957211606204510e-10
1.297649275753226675e+03 1.182343112304806709e-10
1.297699170270586364e+03 1.036823960021138191e-10
1.297749064787946054e+03 9.276845958083868027e-11
1.297798959305305743e+03 8.731149137020111084e-11
1.297848853822665433e+03 8.458300726488232613e-11
1.297898748340025122e+03 8.640199666842818260e-11
1.297948642857384812e+03 8.913048077374696732e-11
1.297998537374744501e+03 9.458744898438453674e-11
1.298048431892103963e+03 9.913492249324917793e-11
1.298098326409463652e+03 1.045918907038867474e-10
1.298148220926823342e+03 1.091393642127513885e-10
1.298198115444183031e+03 1.118678483180701733e-10
1.298248009961542721e+03 1.155058271251618862e-10
1.298297904478902410e+03 1.173248165287077427e-10
1.298347798996262100e+03 1.200533006340265274e-10
1.298397693513621789e+03 1.236912794411182404e-10
1.298447588030981478e+03 1.255102688446640968e-10
1.298497482548341168e+03 1.273292582482099533e-10
1.298547377065700857e+03 1.282387529499828815e-10
1.298597271583060319e+03 1.282387529499828815e-10
1.298647166100420009e+03 1.264197635464370251e-10
1.298697060617779698e+03 1.236912794411182404e-10
1.298746955135139387e+03 1.191438059322535992e-10
1.298796849652499077e+03 1.145963324233889580e-10
1.298846744169858766e+03 1.091393642127513885e-10
1.298896638687218456e+03 1.036823960021138191e-10
1.298946533204578145e+03 9.731593308970332146e-11
1.298996427721937835e+03 9.185896487906575203e-11
1.299046322239297524e+03 8.731149137020111084e-11
1.299096216756657213e+03 8.185452315956354141e-11
1.299146111274016675e+03 7.730704965069890022e-11
1.299196005791376365e+03 7.275957614183425903e-11
1.299245900308736054e+03 6.912159733474254608e-11
1.299295794826095744e+03 6.730260793119668961e-11
1.299345689343455433e+03 6.366462912410497665e-11
1.299395583860815123e+03 6.002665031701326370e-11
1.299445478378174812e+03 5.729816621169447899e-11
1.299495372895534501e+03 5.456968210637569427e-11
1.299545267412894191e+03 5.093170329928398132e-11
1.299595161930253880e+03 4.820321919396519661e-11
1.299645056447613570e+03 4.456524038687348366e-11
1.299694950964973032e+03 4.183675628155469894e-11
1.299744845482332721e+03 3.910827217623591423e-11
1.299794739999692410e+03 3.728928277269005775e-11
1.299844634517052100e+03 3.365130396559834480e-11
1.299894529034411789e+03 3.183231456205248833e-11
1.299944423551771479e+03 3.001332515850663185e-11
1.299994318069131168e+03 2.910383045673370361e-11
1.300044212586490858e+03 2.728484105318784714e-11
1.300094107103850547e+03 2.546585164964199066e-11
1.300144001621210236e+03 2.364686224609613419e-11
1.300193896138569698e+03 2.182787284255027771e-11
1.300243790655929388e+03 1.909938873723149300e-11
1.300293685173289077e+03 1.728039933368563652e-11
1.300343579690648767e+03 1.637090463191270828e-11
1.300393474208008456e+03 1.455191522836685181e-11
1.300443368725368146e+03 1.182343112304806709e-11
1.300493263242727835e+03 1.000444171950221062e-11
1.300543157760087524e+03 8.185452315956354141e-12
1.300593052277447214e+03 7.275957614183425903e-12
1.300642946794806903e+03 6.366462912410497665e-12
1.300692841312166593e+03 4.547473508864641190e-12
1.300742735829526055e+03 3.637978807091712952e-12
1.300792630346885744e+03 1.818989403545856476e-12
1.300842524864245433e+03 9.094947017729282379e-13
1.300892419381605123e+03 0.000000000000000000e+00
1.300942313898964812e+03 -1.818989403545856476e-12
1.300992208416324502e+03 -2.728484105318784714e-12
1.301042102933684191e+03 -3.637978807091712952e-12
1.301091997451043881e+03 -4.547473508864641190e-12
1.301141891968403570e+03 -5.456968210637569427e-12
1.301191786485763259e+03 -6.366462912410497665e-12
1.301241681003122949e+03 -8.185452315956354141e-12
1.301291575520482411e+03 -1.000444171950221062e-11
1.301341470037842100e+03 -1.000444171950221062e-11
1.301391364555201790e+03 -1.182343112304806709e-11
1.301441259072561479e+03 -1.273292582482099533e-11
1.301491153589921169e+03 -1.455191522836685181e-11
1.301541048107280858e+03 -1.546140993013978004e-11
1.301590942624640547e+03 -1.728039933368563652e-11
1.301640837142000237e+03 -1.818989403545856476e-11
1.301690731659359926e+03 -1.818989403545856476e-11
1.301740626176719616e+03 -1.909938873723149300e-11
1.301790520694079305e+03 -2.000888343900442123e-11
1.301840415211438767e+03 -2.091837814077734947e-11
1.301890309728798456e+03 -2.273736754432320595e-11
1.301940204246158146e+03 -2.273736754432320595e-11
1.301990098763517835e+03 -2.364686224609613419e-11
1.302039993280877525e+03 -2.455635694786906242e-11
1.302089887798237214e+03 -2.546585164964199066e-11
1.302139782315596904e+03 -2.637534635141491890e-11
1.302189676832956593e+03 -2.728484105318784714e-11
1.302239571350316282e+03 -2.819433575496077538e-11
1.302289465867675972e+03 -2.819433575496077538e-11
1.302339360385035661e+03 -2.819433575496077538e-11
1.302389254902395123e+03 -2.819433575496077538e-11
1.302439149419754813e+03 -2.819433575496077538e-11
1.302489043937114502e+03 -2.728484105318784714e-11
1.302538938454474192e+03 -2.728484105318784714e-11
1.302588832971833881e+03 -2.819433575496077538e-11
1.302638727489193570e+03 -2.819433575496077538e-11
1.302688622006553260e+03 -3.001332515850663185e-11
1.302738516523912949e+03 -3.001332515850663185e-11
1.302788411041272639e+03 -3.092281986027956009e-11
1.302838305558632328e+03 -3.183231456205248833e-11
1.302888200075992017e+03 -3.092281986027956009e-11
1.302938094593351479e+03 -3.001332515850663185e-11
1.302987989110711169e+03 -2.910383045673370361e-11
1.303037883628070858e+03 -2.819433575496077538e-11
1.303087778145430548e+03 -2.546585164964199066e-11
1.303137672662790237e+03 -2.273736754432320595e-11
1.303187567180149927e+03 -2.091837814077734947e-11
1.303237461697509616e+03 -1.909938873723149300e-11
1.303287356214869305e+03 -1.818989403545856476e-11
1.303337250732228995e+03 -1.637090463191270828e-11
1.303387145249588684e+03 -1.546140993013978004e-11
1.303437039766948374e+03 -1.364242052659392357e-11
1.303486934284307836e+03 -1.273292582482099533e-11
1.303536828801667525e+03 -1.182343112304806709e-11
1.303586723319027215e+03 -8.185452315956354141e-12
1.303636617836386904e+03 -3.637978807091712952e-12
1.303686512353746593e+03 2.728484105318784714e-12
1.303736406871106283e+03 1.182343112304806709e-11
1.303786301388465972e+03 2.182787284255027771e-11
1.303836195905825662e+03 3.365130396559834480e-11
1.303886090423185351e+03 4.365574568510055542e-11
1.303935984940545040e+03 5.184119800105690956e-11
1.303985879457904730e+03 5.638867150992155075e-11
1.304035773975264192e+03 5.729816621169447899e-11
1.304085668492623881e+03 5.275069270282983780e-11
1.304135563009983571e+03 4.365574568510055542e-11
1.304185457527343260e+03 3.183231456205248833e-11
1.304235352044702950e+03 1.909938873723149300e-11
1.304285246562062639e+03 4.547473508864641190e-12
1.304335141079422328e+03 -9.094947017729282379e-12
1.304385035596782018e+03 -2.000888343900442123e-11
1.304434930114141707e+03 -2.910383045673370361e-11
1.304484824631501397e+03 -3.547029336914420128e-11
1.304534719148861086e+03 -3.819877747446298599e-11
1.304584613666220548e+03 -3.910827217623591423e-11
1.304634508183580238e+03 -3.819877747446298599e-11
1.304684402700939927e+03 -3.547029336914420128e-11
1.304734297218299616e+03 -3.274180926382541656e-11
1.304784191735659306e+03 -2.910383045673370361e-11
1.304834086253018995e+03 -2.546585164964199066e-11
1.304883980770378685e+03 -2.273736754432320595e-11
1.304933875287738374e+03 -2.000888343900442123e-11
1.304983769805098063e+03 -1.818989403545856476e-11
1.305033664322457753e+03 -1.455191522836685181e-11
1.305083558839817442e+03 -1.091393642127513885e-11
1.305133453357176904e+03 -8.185452315956354141e-12
1.305183347874536594e+03 -5.456968210637569427e-12
1.305233242391896283e+03 -2.728484105318784714e-12
1.305283136909255973e+03 -9.094947017729282379e-13
1.305333031426615662e+03 9.094947017729282379e-13
1.305382925943975351e+03 1.818989403545856476e-12
1.305432820461335041e+03 2.728484105318784714e-12
1.305482714978694730e+03 3.637978807091712952e-12
1.305532609496054420e+03 4.547473508864641190e-12
1.305582504013414109e+03 4.547473508864641190e-12
1.305632398530773798e+03 4.547473508864641190e-12
1.305682293048133261e+03 4.547473508864641190e-12
1.305732187565492950e+03 3.637978807091712952e-12
1.305782082082852639e+03 3.637978807091712952e-12
1.305831976600212329e+03 3.637978807091712952e-12
1.305881871117572018e+03 3.637978807091712952e-12
1.305931765634931708e+03 4.547473508864641190e-12
1.305981660152291397e+03 4.547473508864641190e-12
1.306031554669651086e+03 4.547473508864641190e-12
1.306081449187010776e+03 4.547473508864641190e-12
1.306131343704370465e+03 4.547473508864641190e-12
1.306181238221729927e+03 4.547473508864641190e-12
1.306231132739089617e+03 4.547473508864641190e-12
1.306281027256449306e+03 4.547473508864641190e-12
1.306330921773808996e+03 4.547473508864641190e-12
1.306380816291168685e+03 3.637978807091712952e-12
1.306430710808528374e+03 3.637978807091712952e-12
1.306480605325888064e+03 3.637978807091712952e-12
1.306530499843247753e+03 3.637978807091712952e-12
1.306580394360607443e+03 3.637978807091712952e-12
1.306630288877967132e+03 3.637978807091712952e-12
1.306680183395326821e+03 4.547473508864641190e-12
1.306730077912686284e+03 4.547473508864641190e-12
1.306779972430045973e+03 4.547473508864641190e-12
1.306829866947405662e+03 4.547473508864641190e-12
1.306879761464765352e+03 4.547473508864641190e-12
1.306929655982125041e+03 4.547473508864641190e-12
1.306979550499484731e+03 3.637978807091712952e-12
1.307029445016844420e+03 3.637978807091712952e-12
1.307079339534204109e+03 3.637978807091712952e-12
1.307129234051563799e+03 2.728484105318784714e-12
1.307179128568923488e+03 1.818989403545856476e-12
1.307229023086283178e+03 1.818989403545856476e-12
1.307278917603642640e+03 1.818989403545856476e-12
1.307328812121002329e+03 1.818989403545856476e-12
1.307378706638362019e+03 1.818989403545856476e-12
1.307428601155721708e+03 1.818989403545856476e-12
1.307478495673081397e+03 1.818989403545856476e-12
1.307528390190441087e+03 9.094947017729282379e-13
1.307578284707800776e+03 0.000000000000000000e+00
1.307628179225160466e+03 0.000000000000000000e+00
1.307678073742520155e+03 0.000000000000000000e+00
1.307727968259879844e+03 0.000000000000000000e+00
1.307777862777239534e+03 0.000000000000000000e+00
1.307827757294598996e+03 -9.094947017729282379e-13
1.307877651811958685e+03 -9.094947017729282379e-13
1.307927546329318375e+03 -1.818989403545856476e-12
1.307977440846678064e+03 -2.728484105318784714e-12
1.308027335364037754e+03 -2.728484105318784714e-12
1.308077229881397443e+03 -2.728484105318784714e-12
1.308127124398757132e+03 -2.728484105318784714e-12
1.308177018916116822e+03 -2.728484105318784714e-12
1.308226913433476511e+03 -2.728484105318784714e-12
1.308276807950836201e+03 -3.637978807091712952e-12
1.308326702468195890e+03 -4.547473508864641190e-12
1.308376596985555352e+03 -4.547473508864641190e-12
1.308426491502915042e+03 -4.547473508864641190e-12
1.308476386020274731e+03 -4.547473508864641190e-12
1.308526280537634420e+03 -4.547473508864641190e-12
1.308576175054994110e+03 -5.456968210637569427e-12
1.308626069572353799e+03 -4.547473508864641190e-12
1.308675964089713489e+03 -4.547473508864641190e-12
1.308725858607073178e+03 -4.547473508864641190e-12
1.308775753124432867e+03 -3.637978807091712952e-12
1.308825647641792557e+03 -3.637978807091712952e-12
1.308875542159152246e+03 -3.637978807091712952e-12
1.308925436676511708e+03 -2.728484105318784714e-12
1.308975331193871398e+03 -2.728484105318784714e-12
1.309025225711231087e+03 -3.637978807091712952e-12
1.309075120228590777e+03 -4.547473508864641190e-12
1.309125014745950466e+03 -4.547473508864641190e-12
1.309174909263310155e+03 -4.547473508864641190e-12
1.309224803780669845e+03 -4.547473508864641190e-12
1.309274698298029534e+03 -5.456968210637569427e-12
1.309324592815389224e+03 -5.456968210637569427e-12
1.309374487332748913e+03 -5.456968210637569427e-12
1.309424381850108603e+03 -6.366462912410497665e-12
1.309474276367468065e+03 -6.366462912410497665e-12
1.309524170884827754e+03 -6.366462912410497665e-12
1.309574065402187443e+03 -7.275957614183425903e-12
1.309623959919547133e+03 -7.275957614183425903e-12
1.309673854436906822e+03 -7.275957614183425903e-12
1.309723748954266512e+03 -7.275957614183425903e-12
1.309773643471626201e+03 -8.185452315956354141e-12
1.309823537988985890e+03 -8.185452315956354141e-12
1.309873432506345580e+03 -8.185452315956354141e-12
1.309923327023705269e+03 -8.185452315956354141e-12
1.309973221541064959e+03 -8.185452315956354141e-12
1.310023116058424421e+03 -9.094947017729282379e-12
1.310073010575784110e+03 -1.000444171950221062e-11
1.310122905093143800e+03 -1.000444171950221062e-11
1.310172799610503489e+03 -1.000444171950221062e-11
1.310222694127863178e+03 -1.000444171950221062e-11
1.310272588645222868e+03 -1.000444171950221062e-11
1.310322483162582557e+03 -9.094947017729282379e-12
1.310372377679942247e+03 -8.185452315956354141e-12
1.310422272197301936e+03 -7.275957614183425903e-12
1.310472166714661626e+03 -6.366462912410497665e-12
1.310522061232021315e+03 -6.366462912410497665e-12
1.310571955749380777e+03 -6.366462912410497665e-12
1.310621850266740466e+03 -5.456968210637569427e-12
1.310671744784100156e+03 -4.547473508864641190e-12
1.310721639301459845e+03 -3.637978807091712952e-12
1.310771533818819535e+03 -2.728484105318784714e-12
1.310821428336179224e+03 -2.728484105318784714e-12
1.310871322853538913e+03 -2.728484105318784714e-12
1.310921217370898603e+03 -2.728484105318784714e-12
1.310971111888258292e+03 -1.818989403545856476e-12
1.311021006405617982e+03 -9.094947017729282379e-13
1.311070900922977671e+03 0.000000000000000000e+00
1.311120795440337133e+03 0.000000000000000000e+00
1.311170689957696823e+03 9.094947017729282379e-13
1.311220584475056512e+03 1.818989403545856476e-12
1.311270478992416201e+03 1.818989403545856476e-12
1.311320373509775891e+03 1.818989403545856476e-12
1.311370268027135580e+03 1.818989403545856476e-12
1.311420162544495270e+03 1.818989403545856476e-12
1.311470057061854959e+03 2.728484105318784714e-12
1.311519951579214649e+03 2.728484105318784714e-12
1.311569846096574338e+03 2.728484105318784714e-12
1.311619740613933800e+03 2.728484105318784714e-12
1.311669635131293489e+03 1.818989403545856476e-12
1.311719529648653179e+03 1.818989403545856476e-12
1.311769424166012868e+03 9.094947017729282379e-13
1.311819318683372558e+03 9.094947017729282379e-13
1.311869213200732247e+03 0.000000000000000000e+00
1.311919107718091936e+03 0.000000000000000000e+00
1.311969002235451626e+03 -1.818989403545856476e-12
1.312018896752811315e+03 -2.728484105318784714e-12
1.312068791270171005e+03 -2.728484105318784714e-12
1.312118685787530694e+03 -2.728484105318784714e-12
1.312168580304890156e+03 -2.728484105318784714e-12
1.312218474822249846e+03 -4.547473508864641190e-12
1.312268369339609535e+03 -5.456968210637569427e-12
1.312318263856969224e+03 -6.366462912410497665e-12
1.312368158374328914e+03 -7.275957614183425903e-12
1.312418052891688603e+03 -8.185452315956354141e-12
1.312467947409048293e+03 -9.094947017729282379e-12
1.312517841926407982e+03 -1.000444171950221062e-11
1.312567736443767672e+03 -1.000444171950221062e-11
1.312617630961127361e+03 -1.000444171950221062e-11
1.312667525478487050e+03 -9.094947017729282379e-12
1.312717419995846512e+03 -8.185452315956354141e-12
1.312767314513206202e+03 -8.185452315956354141e-12
1.312817209030565891e+03 -8.185452315956354141e-12
1.312867103547925581e+03 -8.185452315956354141e-12
1.312916998065285270e+03 -8.185452315956354141e-12
1.312966892582644959e+03 -8.185452315956354141e-12
1.313016787100004649e+03 -6.366462912410497665e-12
1.313066681617364338e+03 -5.456968210637569427e-12
1.313116576134724028e+03 -4.547473508864641190e-12
1.313166470652083717e+03 -3.637978807091712952e-12
1.313216365169443407e+03 -2.728484105318784714e-12
1.313266259686802869e+03 -1.818989403545856476e-12
1.313316154204162558e+03 -9.094947017729282379e-13
1.313366048721522247e+03 0.000000000000000000e+00
1.313415943238881937e+03 0.000000000000000000e+00
1.313465837756241626e+03 0.000000000000000000e+00
1.313515732273601316e+03 1.818989403545856476e-12
1.313565626790961005e+03 1.818989403545856476e-12
1.313615521308320695e+03 1.818989403545856476e-12
1.313665415825680384e+03 1.818989403545856476e-12
1.313715310343040073e+03 1.818989403545856476e-12
1.313765204860399763e+03 1.818989403545856476e-12
1.313815099377759225e+03 2.728484105318784714e-12
1.313864993895118914e+03 2.728484105318784714e-12
1.313914888412478604e+03 1.818989403545856476e-12
1.313964782929838293e+03 1.818989403545856476e-12
1.314014677447197982e+03 9.094947017729282379e-13
1.314064571964557672e+03 9.094947017729282379e-13
1.314114466481917361e+03 0.000000000000000000e+00
1.314164360999277051e+03 0.000000000000000000e+00
1.314214255516636740e+03 0.000000000000000000e+00
1.314264150033996430e+03 0.000000000000000000e+00
1.314314044551356119e+03 0.000000000000000000e+00
1.314363939068715581e+03 0.000000000000000000e+00
1.314413833586075270e+03 0.000000000000000000e+00
1.314463728103434960e+03 0.000000000000000000e+00
1.314513622620794649e+03 -9.094947017729282379e-13
1.314563517138154339e+03 -9.094947017729282379e-13
1.314613411655514028e+03 -9.094947017729282379e-13
1.314663306172873718e+03 -9.094947017729282379e-13
1.314713200690233407e+03 -9.094947017729282379e-13
1.314763095207593096e+03 -9.094947017729282379e-13
1.314812989724952786e+03 0.000000000000000000e+00
1.314862884242312475e+03 0.000000000000000000e+00
1.314912778759671937e+03 0.000000000000000000e+00
