0.14835434668559366,_,[1, 1, 1, 1, 515],_,[0.20135748207475385, 0.15534767385228584, 0.0381928105714047, 0.059341373419003744, 0.7908071215626753, 6.376305196695378e-05, 6.376344020757061e-05, 6.368013117667858e-05, 6.376282084609937e-05, 7.180326514203054e-05, 3.5175272937906706e-05, 3.525727161275173e-05, 3.546417966072859e-05, 3.5478891328944214e-05, 3.618943639168674e-05]
0.12400917787425646,_,[1, 1, 1, 1, 830],_,[0.8853572748641176, 0.6131057442765678, 0.9196038715411649, 0.9252671272877244, 2.3538691510817307, 3.5882304250429246e-05, 3.585868597489649e-05, 3.5940850585437436e-05, 3.583026564636251e-05, 7.441626196527907e-05, 8.808272938413514e-05, 8.66888619833835e-05, 8.791555738055656e-05, 8.70468779300034e-05, 2.0780601582821418e-05]
0.11450112369168192,_,[1, 1, 1, 1, 635],_,[0.507729105112275, 0.16883122323391067, 0.9218991675019326, 0.8012044253460394, 0.7870754432574856, 8.820564342503715e-05, 7.513425578949549e-05, 7.809216171334894e-05, 8.777085127553729e-05, 7.737922750426135e-05, 3.3297185553186744e-05, 3.25635940737416e-05, 3.532298265919748e-05, 3.5402170303346394e-05, 3.335721738221704e-05]
0.31308963204392554,_,[1, 1, 1, 1, 320],_,[0.9306373019549005, 0.7470152975371591, 0.6870840319548926, 0.6787029445181694, 0.7900891201684963, 3.2856559263757855e-05, 3.1130357169951874e-05, 3.3920887843827646e-05, 3.392501393360356e-05, 1.4512530889477959e-05, 2.497783721698702e-05, 2.3333421097318902e-05, 2.579894188725127e-05, 2.582843773841457e-05, 1.0530433452458766e-05]
0.06407965615694987,_,[1, 1, 1, 515, 515],_,[0.33162593661337697, 0.21922643569043557, 0.11303898554641438, 1.0914228768078125, 0.4973713685907213, 8.979995608621028e-05, 8.980247301867117e-05, 8.97616019791954e-05, 9.999999999999999e-06, 1.0016628546439934e-05, 2.5447557723195747e-05, 2.4665650614247666e-05, 2.2490430505409607e-05, 2.4110131206279258e-05, 2.3922838286555625e-05]
0.06764019973166781,_,[1, 1, 1, 515, 830],_,[0.5917492254975495, 0.5821620105384696, 0.8991776283225377, 0.9953069217966123, 0.3671347569295801, 8.108530005065709e-05, 8.110657747322848e-05, 2.5221704865755964e-05, 5.774081303305217e-05, 1.0027368484997973e-05, 2.6689368339726902e-05, 2.6643002040863283e-05, 3.0431637468921603e-05, 2.607550341824645e-05, 5.494508315467603e-05]
0.06813224468255759,_,[1, 1, 1, 515, 635],_,[0.19598419508568343, 0.8511887113806458, 0.46423263061769127, 0.9625260140061747, 3.464666127671853, 7.704463020810424e-05, 6.969945261982659e-05, 7.858999100698505e-05, 6.045197791292587e-05, 1.2029707096140564e-05, 2.7068099579543483e-05, 2.9135405689348527e-05, 2.817426529008295e-05, 2.84839961227979e-05, 4.1142827294348146e-05]
0.08788920252825352,_,[1, 1, 1, 515, 320],_,[0.24933432374259581, 0.20883823327613282, 0.7924690029226639, 1.002766727198201, 0.3498190783369704, 8.881281911380789e-05, 6.495348744296559e-05, 1.0838686007336125e-05, 5.8396178486666014e-05, 4.35825581543847e-05, 2.3813144212541574e-05, 2.104098505322615e-05, 5.7151912409244216e-05, 2.6014864079874426e-05, 5.746296487822142e-05]
0.09219787913618725,_,[1, 1, 1, 830, 830],_,[0.5497549274354986, 0.3523754643179527, 0.16588968934751808, 1.0768285511372404, 0.506076319817944, 8.622865903854486e-05, 8.620922442481021e-05, 1.2726959751394945e-05, 9.999999999999999e-06, 1.0008598632610335e-05, 2.4980417198300563e-05, 2.452599508352413e-05, 6.932440084098871e-05, 6.3996238725368e-05, 6.327556913027578e-05]
0.07374074846640948,_,[1, 1, 1, 830, 635],_,[0.5689273822656122, 0.4436971099872764, 0.979920414074219, 1.293080826596902, 0.637920376755035, 1.080013838002451e-05, 1.0129743529518061e-05, 1.0906925536292397e-05, 1.0871469041309762e-05, 6.633104082867082e-05, 8.30630720964161e-05, 8.991042595128497e-05, 6.126376043666643e-05, 5.3326302547757894e-05, 2.4303031349267567e-05]
0.09998250744078373,_,[1, 1, 1, 830, 320],_,[0.04423536964477298, 0.05726030842273407, 0.5519284176381484, 1.1175164759025662, 0.5148888326633136, 1.1430964405706253e-05, 1.1465452233767313e-05, 8.821376287511824e-05, 1.0027335190054812e-05, 1.5732845453740052e-05, 8.589638013350507e-05, 8.590447120067125e-05, 2.6608522425809275e-05, 6.0667731173728457e-05, 1.2453931974877969e-05]
0.07327642975441036,_,[1, 1, 1, 635, 635],_,[0.33923085730579405, 0.49592295274367615, 0.06554249966026773, 1.0803567613504856, 0.4996444384261378, 7.806891126075933e-05, 7.794248078534119e-05, 8.996503179379248e-05, 1.0014464639545935e-05, 1.0008708975023124e-05, 3.7704667978353935e-05, 4.826073444773229e-05, 3.689455694512864e-05, 3.850556377251585e-05, 3.810187959991862e-05]
0.09288471092879265,_,[1, 1, 1, 635, 320],_,[0.5541595326530021, 0.600023213244879, 0.7702234112257494, 1.1076006760949169, 0.5000200138642887, 8.567505374099421e-05, 8.570500142937617e-05, 8.57351237002045e-05, 1.0004666919909664e-05, 1.4264827059131871e-05, 2.6122915057997235e-05, 2.689837098064177e-05, 2.694378467042387e-05, 3.7965632640585745e-05, 1.1231500538240719e-05]
0.10298361226834078,_,[1, 1, 1, 320, 320],_,[0.6119436383009718, 0.38373912513281877, 0.90399573792099, 1.0896691699661725, 0.48843449040156944, 3.4599404389005116e-05, 3.163253848113046e-05, 3.711177943120436e-05, 1.2745259954645985e-05, 1.2685872844456273e-05, 3.073699590829943e-05, 2.6315151775096612e-05, 3.164310789739014e-05, 9.999999999999999e-06, 1.0010365456179512e-05]
0.018917167963454776,_,[1, 1, 515, 515, 515],_,[0.3022342727387521, 0.209556566953128, 1.243595166346869, 0.7934699326539589, 0.3378114716872884, 1.1943486963456035e-05, 1.1933760251839592e-05, 9.999999999999999e-06, 1.0670491270248248e-05, 1.0372476277752544e-05, 6.674117953984084e-05, 7.69937743139042e-05, 2.4779255344625856e-05, 2.4638141099395297e-05, 2.5665026865681682e-05]
0.02113721503267003,_,[1, 1, 515, 515, 830],_,[0.6754180598239622, 0.6665668431223113, 1.22232629952006, 0.7640214638851024, 0.3186849332719508, 8.757416287345723e-05, 8.748353487156963e-05, 1.1171197325994884e-05, 1.0219915498109337e-05, 1.0045476090069748e-05, 2.6764402927583598e-05, 2.6447159775504702e-05, 2.7776122184167684e-05, 2.3949968571329353e-05, 6.198051653977143e-05]
0.01981742972797992,_,[1, 1, 515, 515, 635],_,[0.2406944946871482, 0.5360177721863463, 1.2257643911456586, 0.7549528034405198, 0.31269816724731275, 1.0218236128254864e-05, 1.068866927159963e-05, 1.0579626476428618e-05, 1.1194154334222726e-05, 1.0006213834216068e-05, 8.200355533900233e-05, 6.246686012131339e-05, 2.6585813286584708e-05, 2.6372000243291435e-05, 3.784710803922977e-05]
0.028022333286866274,_,[1, 1, 515, 515, 320],_,[0.11067597974262357, 0.6265069133989362, 1.2390245463264082, 0.7832759988457888, 0.32186273813530847, 1.0132301216186973e-05, 1.0144895406478433e-05, 1.0203973260686638e-05, 1.0850287575298533e-05, 1.342934555236303e-05, 8.906626039013554e-05, 6.779604526306032e-05, 2.8260325978823972e-05, 2.7702319064111764e-05, 1.1799123554625125e-05]
0.024021785726826853,_,[1, 1, 515, 830, 830],_,[0.5708793859069521, 0.5328759099170299, 1.2183773922440972, 0.7680641507844994, 0.33437423482646705, 1.0770230486209872e-05, 1.0738058308028729e-05, 1.0702286537780604e-05, 1.0121084944765965e-05, 1.006462580646225e-05, 7.027979436912341e-05, 7.199457464712877e-05, 2.7631644913881907e-05, 6.1768107626101e-05, 6.436284287689608e-05]
0.022087496519704663,_,[1, 1, 515, 830, 635],_,[0.7386536257738183, 0.887308754370219, 1.212758409728435, 0.76034604834929, 0.3314305161521346, 8.878032750912278e-05, 8.858081500481253e-05, 1.0308318406208831e-05, 1.0206389024265255e-05, 1.0219924062569921e-05, 2.6934575328664968e-05, 2.729409728457559e-05, 2.6618015514272208e-05, 6.163927602647942e-05, 4.029145430270672e-05]
0.029944031274264815,_,[1, 1, 515, 830, 320],_,[0.9259567769760025, 0.3103180246892264, 1.2211094561474263, 0.7761590900136953, 0.33260050453253576, 1.0648677907860815e-05, 1.0723974646258422e-05, 1.0020194340472474e-05, 1.03379652724055e-05, 1.4514014307226941e-05, 2.729372471899785e-05, 7.428176056622881e-05, 2.7860445690554976e-05, 6.408436814164783e-05, 1.2732131129673744e-05]
0.020375569565723325,_,[1, 1, 515, 635, 635],_,[0.12115066265335463, 0.14583100828878048, 1.2448696851728824, 0.7906102414507308, 0.34234520494183307, 1.2056558258981151e-05, 1.2144547865862175e-05, 1.0011101237027492e-05, 1.0837516122368385e-05, 1.0016905085068399e-05, 7.97217739421006e-05, 6.855231433927751e-05, 2.5099553847207867e-05, 4.03770652228692e-05, 3.8794784399572525e-05]
0.029552558116477296,_,[1, 1, 515, 635, 320],_,[0.22621883603448414, 0.7587229745599716, 1.2508079191469443, 0.7800467065375882, 0.32935050780490066, 8.998011678363226e-05, 8.766802819714492e-05, 1.0716837967680009e-05, 1.0754130893109893e-05, 3.5516379091482926e-05, 2.364473743629044e-05, 2.707964285416208e-05, 2.8476869984995312e-05, 4.045141841421665e-05, 4.420450100090661e-05]
0.038515853692805656,_,[1, 1, 515, 320, 320],_,[0.8554667323073295, 0.32273428157222445, 1.2145242955360172, 0.7884360569690009, 0.3401058294186908, 8.986875923533634e-05, 8.995592939915169e-05, 1.0182949387987281e-05, 4.042742286981579e-05, 1.2850187713616858e-05, 2.7947930686428154e-05, 2.5177699634220587e-05, 2.9501687779576406e-05, 5.52142041042075e-05, 1.1596722690166695e-05]
0.026890281111620836,_,[1, 1, 830, 830, 830],_,[0.030087603019412847, 0.922410411065017, 1.2225486208971237, 0.7868264772282775, 0.3478237343956918, 8.348263786771675e-05, 1.000968376604421e-05, 9.999999999999999e-06, 1.001732620215399e-05, 9.999999999999999e-06, 2.1471809987410753e-05, 6.46291376972399e-05, 6.375658841591913e-05, 6.198875055963188e-05, 6.302036378582775e-05]
0.025042710615812674,_,[1, 1, 830, 830, 635],_,[0.31060946773142634, 0.841507829654538, 1.2420855006076947, 0.8138968241125007, 0.3621478291595267, 8.058171888737467e-05, 1.4457338286465755e-05, 1.0018361518792856e-05, 1.0117533102144114e-05, 1.0457104148682264e-05, 2.230358652444085e-05, 2.8110571515804927e-05, 6.423711221091885e-05, 6.212493325057432e-05, 4.138025382847054e-05]
0.034289910790506424,_,[1, 1, 830, 830, 320],_,[0.9491513925621451, 0.42152571588708915, 1.2252360770742983, 0.7926939498903208, 0.344839846912451, 1.0166780774831114e-05, 1.0021259112101422e-05, 1.003575987069928e-05, 1.0020796559294606e-05, 3.970793307871241e-05, 7.112552002958814e-05, 8.586140740360927e-05, 6.474545833364421e-05, 6.155823134866879e-05, 5.142447915458421e-05]
0.022696098824034883,_,[1, 1, 830, 635, 635],_,[0.4458289335521916, 0.4325045233726963, 1.2528423770499988, 0.8100113677773331, 0.35346622298581315, 7.480436398912507e-05, 8.99522746674365e-05, 1.0337705009039532e-05, 1.0029232690506276e-05, 1.0099219077812275e-05, 2.187125271496276e-05, 2.4744373438220812e-05, 6.569629540255968e-05, 3.743735725358132e-05, 3.846618035473725e-05]
0.03258250327503485,_,[1, 1, 830, 635, 320],_,[0.1157934493104149, 0.02917026969497208, 1.2406055331587673, 0.803829944696177, 0.3244282992930317, 1.0024323664763808e-05, 1.0009435828046758e-05, 9.999999999999999e-06, 1.0449018734672931e-05, 1.356823934914687e-05, 8.802509151357146e-05, 8.797095324352574e-05, 6.71059279852569e-05, 4.100869787590672e-05, 1.1584767924124263e-05]
0.04262964326061341,_,[1, 1, 830, 320, 320],_,[0.9507636216995958, 0.030631886861663994, 1.2518744313299588, 0.8361067627820395, 0.34619950573015273, 1.0051877767149964e-05, 1.0166500660237591e-05, 9.999999999999999e-06, 1.2381486845905172e-05, 1.0754536339913538e-05, 7.577823322257742e-05, 8.975707149080626e-05, 7.365667467250039e-05, 1.0370909007406526e-05, 1.019918035514639e-05]
0.02150633454759792,_,[1, 1, 635, 635, 635],_,[0.8033715355047787, 0.7597529726398529, 1.2253490955995194, 0.7749441690970039, 0.3283044575581699, 7.894448216773014e-05, 7.892945953519792e-05, 1.036243905158526e-05, 1.076042611359414e-05, 1.0385029912579212e-05, 2.472298552269024e-05, 2.4437308398331053e-05, 4.08291567596842e-05, 4.0462230181457424e-05, 4.01722591190368e-05]
0.02981243899047989,_,[1, 1, 635, 635, 320],_,[0.40729989927059324, 0.5660859352756986, 1.2225286489162899, 0.7803081800086111, 0.31949406444540135, 1.0678843683266972e-05, 1.06906890351649e-05, 1.0068566537252203e-05, 1.0266360171643305e-05, 1.3231632319456993e-05, 8.245218184215374e-05, 6.9165821643653e-05, 4.203005035233865e-05, 4.009702778838126e-05, 1.1345504281306175e-05]
0.04011060186113163,_,[1, 1, 635, 320, 320],_,[0.4459038246460092, 0.6741049053854937, 1.2244441267845372, 0.809868191442302, 0.3529750801639407, 1.0224973596016753e-05, 1.0182657406552935e-05, 1.0086027685085203e-05, 4.014862639181558e-05, 1.3206883207728964e-05, 8.295635728574787e-05, 6.876568227125422e-05, 4.4507858278835446e-05, 5.3976034208188656e-05, 1.169355172966486e-05]
0.03809799703988517,_,[1, 1, 320, 320, 320],_,[0.9849805081597545, 0.7829292774603064, 1.2264154397393814, 0.7900524039206882, 0.3514817554192488, 1.0593582551351905e-05, 2.5750460763068754e-05, 1.0090424662566452e-05, 1.0737434630327062e-05, 1.0289482728628332e-05, 1.0007143219202578e-05, 1.9750239189010557e-05, 1.001204626950942e-05, 1.0012634086786824e-05, 1.0005049370501722e-05]
0.009744121989575014,_,[1, 515, 515, 515, 515],_,[0.2230889559317011, 1.3472656313100035, 0.9809241811559005, 0.5635575099203618, 0.21154119409524574, 1.0062030843397975e-05, 1.068074280200018e-05, 1.1118552512291375e-05, 1.1831032945419048e-05, 1.0564827573688867e-05, 8.908272691014121e-05, 2.9887372897070973e-05, 2.8046259623873448e-05, 3.0169416196479697e-05, 2.9898299520361927e-05]
0.009825847470310296,_,[1, 515, 515, 515, 830],_,[0.2940122631075659, 1.3274702793974207, 0.955495009459115, 0.5393123895364759, 0.20176379820392268, 1.0201567849955982e-05, 1.117224299719275e-05, 1.0692128509740801e-05, 1.0974406948350848e-05, 1.0075649111238483e-05, 8.977948575473981e-05, 3.082716399403299e-05, 2.585132034258627e-05, 2.75888208695941e-05, 6.624114812660204e-05]
0.010551898054781406,_,[1, 515, 515, 515, 635],_,[0.8655126404390521, 1.3083240905782612, 0.903567289483059, 0.4892261247466675, 0.17269162898884793, 1.0484800062429801e-05, 1.055160080257734e-05, 1.1623413356045434e-05, 1.2200089914337215e-05, 1.095472487492458e-05, 2.9450619712820747e-05, 2.935558686903562e-05, 2.9184039550979293e-05, 3.1999299138925066e-05, 4.651062612808515e-05]
0.013347168027496439,_,[1, 515, 515, 515, 320],_,[0.3360078698135197, 1.276287235510465, 0.8900479048824702, 0.4725417917142284, 0.1715166413465533, 1.1171881384242538e-05, 1.0382564279962295e-05, 1.1152708578967871e-05, 1.1709574160276734e-05, 1.4134775234458847e-05, 7.73158042821639e-05, 2.9207976275649095e-05, 2.9713485808926407e-05, 3.4180196968099025e-05, 1.8778838040590894e-05]
0.010026010761071125,_,[1, 515, 515, 830, 830],_,[0.33887753396591624, 1.3154368323583518, 0.9275247241466421, 0.5334299936485845, 0.2254628129892018, 7.237934273494884e-05, 1.0268768996964938e-05, 1.0562586488359425e-05, 1.0267385720863448e-05, 1.035833671929922e-05, 2.4087227807817273e-05, 2.7136343911231452e-05, 2.616756006465523e-05, 6.403571123357157e-05, 7.155469328099197e-05]
0.009887358513859603,_,[1, 515, 515, 830, 635],_,[0.2713155380827356, 1.3547872068861275, 0.9968376667268386, 0.5983174481470122, 0.2527554820731607, 1.8486093057046432e-05, 1.111474198664119e-05, 1.198436564209331e-05, 1.0263862228574837e-05, 1.0362666308955019e-05, 6.733508937955358e-05, 3.0482119149362266e-05, 3.131482369804537e-05, 6.356726025133114e-05, 4.433276416491212e-05]
0.012882346819743495,_,[1, 515, 515, 830, 320],_,[0.7083042508915307, 1.3222894081275334, 0.9391392079224653, 0.5425522276172985, 0.21767307134007888, 1.0058828145590274e-05, 1.0984829232916896e-05, 1.0882583366761014e-05, 1.0203905832843674e-05, 2.5572116804032455e-05, 4.0070969736882436e-05, 3.0503029211159075e-05, 2.9936532015253347e-05, 6.51212764764101e-05, 3.714451707776876e-05]
0.009456742799648928,_,[1, 515, 515, 635, 635],_,[0.9560593139033127, 1.3598927504822, 1.00556076806012, 0.5916422164790015, 0.24270237064683878, 1.0951343046085007e-05, 1.0625504127989458e-05, 1.1761752583674122e-05, 1.0251214160474191e-05, 1.006673008588406e-05, 2.4283605086970127e-05, 2.9363681864878233e-05, 2.98953663699992e-05, 3.9066821430833e-05, 4.1802265222673167e-05]
0.012436045858869552,_,[1, 515, 515, 635, 320],_,[0.0720514076615113, 1.3269846985002935, 0.9591015059161686, 0.5577314696461877, 0.22002794507086823, 1.0044379793176445e-05, 1.0808348905734261e-05, 1.1776360816040393e-05, 1.0610983946354097e-05, 1.1882143837276287e-05, 8.979737560951152e-05, 3.029804679417664e-05, 3.2869264813434554e-05, 4.2241282763517934e-05, 1.2368758224322604e-05]
0.015460156324177313,_,[1, 515, 515, 320, 320],_,[0.5796726190984746, 1.2779609482877292, 0.9003058996895559, 0.5348573055846644, 0.228468222316733, 1.1003792863907754e-05, 1.049172532749084e-05, 1.0178986994117148e-05, 1.4941976295436736e-05, 1.3997105530647509e-05, 6.066161846059495e-05, 3.14418314442268e-05, 3.27865867815166e-05, 2.0571461804778967e-05, 2.2537699525079614e-05]
0.012265802994137119,_,[1, 515, 830, 830, 830],_,[0.644089732002227, 1.235864976450078, 0.8312080014390975, 0.4690523914950178, 0.18488725292631497, 1.0012490658815542e-05, 1.0249840702218065e-05, 1.0452777702988437e-05, 1.0895060712676692e-05, 1.0493410246973534e-05, 4.706459828362394e-05, 2.7677291901215977e-05, 6.569715554468015e-05, 7.209407704413147e-05, 7.164443449889138e-05]
0.010500879663853473,_,[1, 515, 830, 830, 635],_,[0.050830191720993165, 1.3025543477527377, 0.9376387112949123, 0.5449587452955692, 0.21789399757075745, 1.003101448314167e-05, 1.0974589749411976e-05, 1.0347922104212154e-05, 1.0428165497062673e-05, 1.1805490815177793e-05, 8.980329563204759e-05, 3.018914809185009e-05, 6.503116365788418e-05, 6.711797632283351e-05, 5.178507621331994e-05]
0.013648860721533242,_,[1, 515, 830, 830, 320],_,[0.26828702198076887, 1.3056688016120512, 0.9490637849540998, 0.5637588999827391, 0.22600951752105153, 1.06946100471726e-05, 1.0481930063406651e-05, 1.0075316440204353e-05, 1.0603135471797402e-05, 2.8636817072468995e-05, 8.548863584650809e-05, 2.920056590178276e-05, 6.634252689354859e-05, 6.933206519625843e-05, 4.2954282869344114e-05]
0.03391863473469963,_,[1, 515, 830, 635, 635],_,[0.42782913358399305, 1.1630938414384921, 0.6750435430964359, 0.3222136355663307, 0.09954846525460817, 2.5813104311473418e-05, 5.047283157039159e-05, 1.019377075547233e-05, 1.2096533651220669e-05, 1.4254814520265711e-05, 3.306294505315957e-05, 1.9758827050221615e-05, 5.98886275462698e-05, 5.7277319163789385e-05, 8.380592474054815e-05]
0.012949004631090427,_,[1, 515, 830, 635, 320],_,[0.4564914737989738, 1.3059344716860188, 0.9550202334167854, 0.5721192437343311, 0.20647724284564645, 1.0324652905769371e-05, 1.038600649540957e-05, 1.007416724799011e-05, 1.0896308042968565e-05, 1.3487122261558335e-05, 8.059298234861442e-05, 2.948543739577407e-05, 6.681611974942596e-05, 4.644550032272833e-05, 1.4433693267646903e-05]
0.016363223678044398,_,[1, 515, 830, 320, 320],_,[0.07094518111731703, 1.284516231716868, 0.9294534569625449, 0.5549600213421324, 0.21786344603228455, 1.5757958541615796e-05, 1.0083070059729683e-05, 9.999999999999999e-06, 1.776669509649348e-05, 1.2770749220784425e-05, 7.484413746514832e-05, 3.097291760363885e-05, 7.331483638377356e-05, 2.0581291220165982e-05, 1.8812573704988662e-05]
0.009656881375983035,_,[1, 515, 635, 635, 635],_,[0.23973406856489465, 1.3034777633954344, 0.9446517955126112, 0.542208143445944, 0.19948229411006874, 1.076475004273386e-05, 1.1289173735271214e-05, 1.0532488385035508e-05, 1.0725406291789224e-05, 1.0180101261214377e-05, 8.575026565546155e-05, 3.1358726526698917e-05, 3.956038901455402e-05, 4.213633625213319e-05, 4.186566297768398e-05]
0.012550911000916133,_,[1, 515, 635, 635, 320],_,[0.4333916643205398, 1.33837560517542, 0.9826005191264356, 0.5847390612807488, 0.2281758129582598, 1.004272125449546e-05, 1.090621748994296e-05, 1.0537429683950126e-05, 1.0699933178392673e-05, 1.5806000985077367e-05, 7.806949829524637e-05, 3.175123767117569e-05, 4.4091105101150556e-05, 4.441665263366171e-05, 1.7224461025653932e-05]
0.01545806242356352,_,[1, 515, 635, 320, 320],_,[0.1660712037524979, 1.3058860698350336, 0.9656300774564973, 0.5845271238668113, 0.2491201267197637, 1.0282970157055246e-05, 1.057404707803237e-05, 1.0451880251253546e-05, 1.3119151563998444e-05, 1.1734505505376075e-05, 8.962701022606694e-05, 3.2651160386877597e-05, 4.93835149522119e-05, 1.5161446842891606e-05, 1.6893442604932948e-05]
0.01682538336914515,_,[1, 515, 320, 320, 320],_,[0.9457788621702315, 1.2780805867320157, 0.8984461949516925, 0.5630411711990823, 0.24984450468968758, 8.419457353129165e-05, 9.999999999999999e-06, 1.3678095460366591e-05, 1.0027632539397065e-05, 1.128300079892357e-05, 1.9710298501851925e-05, 3.071640372693216e-05, 1.5532941011293575e-05, 1.6824882181998378e-05, 1.4050856867406659e-05]
0.010821979624574572,_,[1, 830, 830, 830, 830],_,[0.34689816138953017, 1.311054426399064, 0.9628252856033024, 0.5737122168090036, 0.2344312837074808, 1.004741766057239e-05, 1.0119985281866856e-05, 1.0110097444600427e-05, 1.0164776438039205e-05, 1.0159759339505268e-05, 8.853915855399535e-05, 6.675843127965438e-05, 6.361720015360079e-05, 6.399009246085657e-05, 6.71480001417347e-05]
0.01046240859521646,_,[1, 830, 830, 830, 635],_,[0.9259038888134912, 1.32301162163558, 0.9792270576438162, 0.5962776848562125, 0.2505878791710219, 1.0831713203157694e-05, 1.001258833447728e-05, 1.0259485235859514e-05, 1.0444146236361537e-05, 1.0549178362408305e-05, 6.41820704206724e-05, 6.670078072557532e-05, 6.53855590242035e-05, 6.627411671093544e-05, 4.3945144411080574e-05]
0.014164919115901585,_,[1, 830, 830, 830, 320],_,[0.6815484973813959, 1.324705775623191, 0.9733995640880405, 0.5978665320386893, 0.24085363953408434, 1.0025079887144688e-05, 1.0051495327332127e-05, 1.0231765035827888e-05, 1.0519399273535242e-05, 1.2885135021272689e-05, 7.861457049832351e-05, 6.822977240467204e-05, 7.106949051868763e-05, 6.85130872572085e-05, 1.3025241195422074e-05]
0.010770193148435114,_,[1, 830, 830, 635, 635],_,[0.45578068623258133, 1.3748819055468495, 1.0508700783053735, 0.6620175819513788, 0.27634158457200053, 1.0007408092498541e-05, 1.0270813646094585e-05, 1.0334043192433155e-05, 1.2422517669422959e-05, 1.0237103914991141e-05, 8.415781629518757e-05, 6.943249569207625e-05, 6.583527799532467e-05, 5.0870950237263007e-05, 4.219664712469972e-05]
0.013930353155559625,_,[1, 830, 830, 635, 320],_,[0.06260979546113792, 1.323963792734477, 0.992129027702812, 0.6050448779352865, 0.23935380739292483, 1.0717089176470259e-05, 9.999999999999999e-06, 1.0160748504294449e-05, 1.1759594021076452e-05, 1.3679746888345829e-05, 8.81969971284651e-05, 6.892779718142731e-05, 6.889079671646671e-05, 5.019002318386626e-05, 1.3722695061842822e-05]
0.020232226107213706,_,[1, 830, 830, 320, 320],_,[0.31463858656171334, 1.2606514399444058, 0.8856171318406554, 0.5171675747948876, 0.20180708732029773, 8.98818911214036e-05, 9.999999999999999e-06, 1.0261617217507381e-05, 3.26763536951762e-05, 1.4888575536640875e-05, 2.4855572346381835e-05, 7.208815223358952e-05, 7.146736940172195e-05, 5.219969766162856e-05, 2.0130808919783685e-05]
0.009652615931243579,_,[1, 830, 635, 635, 635],_,[0.17941730838613598, 1.3336353682432525, 0.9840188289588284, 0.5711137200362314, 0.2293699300555176, 1.0013718118169871e-05, 1.0008723939303777e-05, 1.0416771208837487e-05, 1.0883066788080316e-05, 1.0140049288187057e-05, 8.999180205579901e-05, 6.542352693229574e-05, 4.0144024938341045e-05, 4.203632409158578e-05, 4.117721269192399e-05]
0.013449746123078728,_,[1, 830, 635, 635, 320],_,[0.8071180560415019, 1.3378995812750067, 0.9981927156754364, 0.6038864332007666, 0.23435496929694333, 1.0355828301757136e-05, 9.999999999999999e-06, 1.0929353071553593e-05, 1.1808773890828004e-05, 1.5043299070660445e-05, 7.430755938825847e-05, 6.718641109671997e-05, 4.751897858968534e-05, 5.0287290962872795e-05, 1.5906941671318795e-05]
0.016879169987648792,_,[1, 830, 635, 320, 320],_,[0.05138929266855762, 1.3216955296218464, 0.9899357558910843, 0.6107928103014548, 0.2631203459233591, 4.4510959359356556e-05, 1.0023534622784435e-05, 1.0265873366545233e-05, 1.4193080921001534e-05, 1.1584894241165129e-05, 2.312912689366759e-05, 7.392282651836738e-05, 5.023918204877637e-05, 1.6145864456165374e-05, 1.588782165747267e-05]
0.017766312751673164,_,[1, 830, 320, 320, 320],_,[0.8982213911720189, 1.3230077183407782, 0.9813051675296274, 0.6219968380425813, 0.2831078947628043, 9.999999999999999e-06, 1.0010067722778846e-05, 1.209471406303006e-05, 1.102406997889806e-05, 1.0229949017368913e-05, 7.664967691266607e-05, 7.439127986541285e-05, 1.3489967672234435e-05, 1.5889433289936933e-05, 1.201623638947877e-05]
0.010087049837788777,_,[1, 635, 635, 635, 635],_,[0.639571270766587, 1.2874742779815203, 0.9228732468384044, 0.5306167256786638, 0.19538826202810541, 8.903330888867939e-05, 1.015391019961457e-05, 1.0808786375589204e-05, 1.1134394308109925e-05, 1.045126718731562e-05, 2.542679261737495e-05, 4.224809651330369e-05, 4.2596761071249334e-05, 4.473321159412952e-05, 4.462843430798761e-05]
0.01317830941955042,_,[1, 635, 635, 635, 320],_,[0.24451699297614163, 1.3352168506930924, 0.9718634668580608, 0.5635155284411381, 0.21640623228914818, 1.0121592236480087e-05, 1.1389373809848126e-05, 1.0212090361383574e-05, 1.0447726659002639e-05, 3.149757381601246e-05, 8.95473901916668e-05, 4.8376417369217386e-05, 4.0901037518533636e-05, 4.062094228540272e-05, 5.462881560619296e-05]
0.017451496630319786,_,[1, 635, 635, 320, 320],_,[0.18278581784968212, 1.2638370703580393, 0.87384537905253, 0.4771974537632923, 0.1961862333359477, 1.027005268495901e-05, 1.0006914703525668e-05, 1.0458328105892443e-05, 1.864015976660872e-05, 1.4083982598230038e-05, 8.721572492610489e-05, 4.3519202915496e-05, 4.613897357370383e-05, 2.5091368416666316e-05, 3.189365473212873e-05]
0.017542818344705557,_,[1, 635, 320, 320, 320],_,[0.10051408355650393, 1.2899079007800063, 0.9202537317724772, 0.5812755527041302, 0.269118977100006, 1.0027373094713004e-05, 1.034755089584926e-05, 1.3601863162839395e-05, 1.2828483977540634e-05, 1.202752051513216e-05, 8.998854471077457e-05, 4.7811937098352977e-05, 1.5314737999130353e-05, 2.2491296124640215e-05, 1.5120990490882028e-05]
0.018253900850287323,_,[1, 320, 320, 320, 320],_,[1.0238331208458997, 1.3063267892165293, 0.9531632136336081, 0.5980661221937064, 0.24834730656198667, 1.2228911165546876e-05, 1.0617036201334355e-05, 1.1178464354894702e-05, 1.075951259584467e-05, 1.0169568048463403e-05, 1.181822592266432e-05, 1.1473704762369764e-05, 1.3903112694001168e-05, 1.372203770481168e-05, 1.1385059976695802e-05]
0.007371562387045492,_,[515, 515, 515, 515, 515],_,[1.3818644494048735, 1.0890472201739527, 0.7623935220962573, 0.4394475261865699, 0.1736794337195496, 1.0521577149607089e-05, 1.2957610100131105e-05, 1.3939673657759187e-05, 1.2184813798982355e-05, 1.079493086493543e-05, 3.4854443113669654e-05, 4.331771108506897e-05, 4.960131903556652e-05, 4.0833550386268116e-05, 3.7690937931712684e-05]
0.021685702081813155,_,[515, 515, 515, 515, 830],_,[1.3495737100418852, 0.9392569577329996, 0.0300243347473487, 0.9061517616932987, 0.21140007095079574, 1.1046294659728118e-05, 1.0815573169111163e-05, 1.0000840782121203e-05, 1.0023375695462212e-05, 1.0487809388527138e-05, 3.031020112798616e-05, 1.309685856674305e-05, 8.997454734460057e-05, 8.984575083101924e-05, 5.213147417242751e-05]
0.009980727633598828,_,[515, 515, 515, 515, 635],_,[1.281499502589793, 0.8888720700015253, 0.5324260181827176, 0.32028572123610766, 0.15533043924657694, 1.0520092830471689e-05, 1.2296108284731815e-05, 1.297737032199171e-05, 1.0770159211744612e-05, 1.0424781858211187e-05, 2.965701691453595e-05, 3.634793938930987e-05, 5.439078248468125e-05, 7.155397882740472e-05, 6.796940511261668e-05]
0.010177924543827576,_,[515, 515, 515, 515, 320],_,[1.315650031826502, 0.9906438997732834, 0.6949996881702675, 0.4448294055202142, 0.1963185538655911, 1.0492397710414391e-05, 1.2575178504284693e-05, 1.1984582957265716e-05, 1.1782264702065942e-05, 2.539192399752397e-05, 3.2883514957512826e-05, 4.6021569142703356e-05, 6.03973473267031e-05, 5.4357370641375706e-05, 4.7880499876830435e-05]
0.007390826599226046,_,[515, 515, 515, 830, 830],_,[1.3902708516634514, 1.1012995026727983, 0.7522813534293672, 0.44174791085692977, 0.17665096585581447, 1.1019176639484807e-05, 1.4051885223159655e-05, 1.5769462808988677e-05, 1.0274735458273094e-05, 1.0014092178721812e-05, 3.4264933259783495e-05, 4.3490735677118446e-05, 5.350708058391158e-05, 7.309489764539343e-05, 7.620666332983622e-05]
0.008166788345650931,_,[515, 515, 515, 830, 635],_,[1.3241353311311324, 0.9796641446064744, 0.630653855137243, 0.33904697122492816, 0.14991060750150317, 1.0397972790806375e-05, 1.2237063047991425e-05, 1.472486049594613e-05, 1.036959377025108e-05, 1.077554105892909e-05, 3.0521602641490436e-05, 3.529920891517564e-05, 5.162677737091015e-05, 8.133111932325441e-05, 6.115416734530834e-05]
0.009121586085498807,_,[515, 515, 515, 830, 320],_,[1.3354442949679404, 0.9669350994024809, 0.576787194409006, 0.2667068127964635, 0.08394279939561464, 1.0318058786797035e-05, 1.1930973516066823e-05, 1.1049704363528765e-05, 1.0195018510473182e-05, 2.1384891782037447e-05, 2.9412161950345643e-05, 3.1874429562402135e-05, 3.108907826827559e-05, 7.252899780994937e-05, 7.573147518970845e-05]
0.008479043430179432,_,[515, 515, 515, 635, 635],_,[1.328490372999835, 0.9955903567216009, 0.6766164722079178, 0.45120979834128067, 0.20439260859720987, 1.0805739819341296e-05, 1.1409792607958323e-05, 1.1928820385781477e-05, 1.0911959298836598e-05, 1.0487953368051518e-05, 3.334786645775376e-05, 4.0702238008150214e-05, 6.159526681750068e-05, 7.105824978191314e-05, 5.3789888034995605e-05]
0.008414296955819358,_,[515, 515, 515, 635, 320],_,[1.3549153558397675, 1.026305199690925, 0.667788292384064, 0.36460392744830145, 0.1549279500194326, 1.0523731803653253e-05, 1.2673827059012204e-05, 1.1604771284204494e-05, 1.0656314506898546e-05, 1.7457945527372563e-05, 3.176729439477981e-05, 3.812558898366656e-05, 3.8596192861260044e-05, 6.059887279383854e-05, 3.636274720657676e-05]
0.017370912194700123,_,[515, 515, 515, 320, 320],_,[1.3418987082796305, 0.9789499434457101, 0.555175009944929, 0.028172007249904794, 1.1325247747585376, 1.0467931698829319e-05, 1.161530216740268e-05, 1.7099505580303626e-05, 1.1568934587285595e-05, 1.002749888520139e-05, 2.9868067170806233e-05, 2.974577747491632e-05, 3.457805775796144e-05, 2.922442240396723e-05, 8.99608832667334e-05]
0.011864453058840185,_,[515, 515, 830, 830, 830],_,[1.261902288396755, 0.8296190756788687, 0.4430849157855462, 0.19377348369794484, 0.04530333409402111, 1.0171691197618648e-05, 1.1464051669036619e-05, 1.0694996445069202e-05, 1.1095164389626006e-05, 1.004632215384307e-05, 2.7105537056829027e-05, 2.9277764764504817e-05, 6.669198183900356e-05, 7.90364213843359e-05, 8.955565536769691e-05]
0.006846035698256904,_,[515, 515, 830, 830, 635],_,[1.385578709194768, 1.075199110972098, 0.7337797080585471, 0.41129617318106104, 0.1579413769848811, 1.0693235926814512e-05, 1.334352575910455e-05, 1.0303307974749469e-05, 1.0467984998237173e-05, 1.066253433096795e-05, 3.290903554345307e-05, 3.9520850382300595e-05, 7.021916871001597e-05, 7.36073912075331e-05, 5.168796909918814e-05]
0.008948822335573186,_,[515, 515, 830, 830, 320],_,[1.3371033254121873, 0.9793797459265734, 0.593689852007619, 0.30345513858302026, 0.1183300880676479, 1.1291213595822584e-05, 1.1711769993268422e-05, 1.0158168751924764e-05, 1.0000907898214007e-05, 2.0948008234836753e-05, 3.2847996306794145e-05, 3.291727474875101e-05, 7.004989497827886e-05, 7.853141038329612e-05, 6.311302750502281e-05]
0.008944439719602855,_,[515, 515, 830, 635, 635],_,[1.290188169133105, 0.9283961452969214, 0.5547945862299041, 0.29393291702633234, 0.09212149778730767, 1.0112274499660831e-05, 1.1116332644966312e-05, 1.0756866890692517e-05, 1.2686339588781334e-05, 1.2406490925848961e-05, 2.831528089668314e-05, 3.048578041549155e-05, 7.440774429399876e-05, 6.582739633017104e-05, 7.624329315067812e-05]
0.013760976594837313,_,[515, 515, 830, 635, 320],_,[1.221957509525326, 0.7698248743149501, 0.3864383375987702, 0.13712804212492807, 0.1458998898136308, 1.0058032470315581e-05, 1.0657058566487834e-05, 1.0483630831627792e-05, 1.0901430761074139e-05, 1.0434692147985218e-05, 2.5946858046404174e-05, 2.5150798667814756e-05, 6.62871376572149e-05, 8.741876425302058e-05, 8.860166892183684e-05]
0.009212467027738834,_,[515, 515, 830, 320, 320],_,[1.3409908952299423, 1.004138939942052, 0.6438458075297437, 0.3894172875807697, 0.17827603520481436, 1.0881011532650699e-05, 1.246248938143647e-05, 1.0004727806401739e-05, 1.69855909929521e-05, 1.2381633093078237e-05, 3.11372369142325e-05, 3.7619371940314465e-05, 8.011036666244665e-05, 4.248927396164847e-05, 2.3923653216580003e-05]
0.007134846105064054,_,[515, 515, 635, 635, 635],_,[1.4190862202239736, 1.1453751860413468, 0.8064154949554972, 0.4476615431459296, 0.18302092296124456, 1.1991279427593983e-05, 1.2656540355020137e-05, 1.1707137775555638e-05, 1.163476832384406e-05, 1.0132056792045393e-05, 4.063903063998192e-05, 3.6494206226231214e-05, 5.225792073690813e-05, 5.198205963898503e-05, 4.681994183464862e-05]
0.009293344780759081,_,[515, 515, 635, 635, 320],_,[1.3018863823897653, 0.9237290623296609, 0.553686936208539, 0.2995964621302414, 0.1381009481224964, 1.0242683529302955e-05, 1.1234402044423243e-05, 1.0582804957615967e-05, 1.038524184060963e-05, 1.6340847716520057e-05, 2.9178864686445015e-05, 3.1574726267998574e-05, 5.034373105561994e-05, 7.611435171401604e-05, 4.44258909098478e-05]
0.010953268216844472,_,[515, 515, 635, 320, 320],_,[1.3207721093026907, 0.939623575062123, 0.5220902857159195, 0.12687552807862684, 0.3213727825224687, 1.0694861614928257e-05, 1.2480218539663683e-05, 1.1898506511280742e-05, 1.0915719319862358e-05, 1.0020686147953128e-05, 2.8773348538683883e-05, 3.082349574728103e-05, 4.144971344367496e-05, 5.113918735243421e-05, 8.262690173724922e-05]
0.011961130147686658,_,[515, 515, 320, 320, 320],_,[1.331488206507535, 0.9427620685404066, 0.5726712218543378, 0.3693078161906429, 0.19070184271677457, 1.0417876245737074e-05, 1.1703827998971151e-05, 2.6176818968158326e-05, 1.5089226992788304e-05, 1.9470845224444097e-05, 3.0480034684459846e-05, 3.402379283669885e-05, 5.519646711432737e-05, 5.6702403013652026e-05, 4.1824474703568485e-05]
0.007237587623696473,_,[515, 830, 830, 830, 830],_,[1.3952918437948538, 1.1510988911308766, 0.8516228295031132, 0.5177064565642793, 0.21011393142983564, 1.1243717006002243e-05, 1.17020522972799e-05, 1.119180737152277e-05, 1.0541660193313598e-05, 1.0113497527243682e-05, 3.6728068490815624e-05, 8.441135559114323e-05, 8.076618466092851e-05, 7.28372171270172e-05, 7.156837817012263e-05]
0.008536326306087048,_,[515, 830, 830, 830, 635],_,[1.3037389233679835, 0.9413211278654227, 0.5914088623634768, 0.2839198275060948, 0.07849331082258144, 1.0416537409534794e-05, 1.0242332706174208e-05, 1.052037178067171e-05, 1.0238952913467212e-05, 1.3824024365505546e-05, 3.0095533900852865e-05, 6.53478860578966e-05, 7.073487436504375e-05, 6.987854625571584e-05, 8.640866239451014e-05]
0.029096382147155105,_,[515, 830, 830, 830, 320],_,[1.2426608086042328, 0.8402242293165292, 0.47600377969194374, 0.20163759567519013, 0.04915315079051173, 4.2431303111921644e-05, 1.048526788390229e-05, 1.0439670038337281e-05, 1.0193414388306984e-05, 1.4712673546773373e-05, 1.5428650343031603e-05, 6.544571559539396e-05, 7.407472730267738e-05, 8.520998284935368e-05, 8.563857512487684e-05]
0.026369329796581572,_,[515, 830, 830, 635, 635],_,[1.3139595713246504, 0.9651754456227905, 0.619925539048637, 0.30418696264133666, 0.08733870757980833, 3.5624532010857273e-05, 1.0334441532968785e-05, 1.1662223362687178e-05, 1.2586752987864323e-05, 1.3502018265769118e-05, 1.3252474347826144e-05, 6.691796149454004e-05, 8.348233195286404e-05, 6.0749100831646266e-05, 7.511907183806563e-05]
0.008157691975491762,_,[515, 830, 830, 635, 320],_,[1.3438405390033465, 1.033720070713179, 0.7007444267308135, 0.38702479038987236, 0.1493724159690905, 1.1038528722313439e-05, 1.0218219061328384e-05, 1.036542505447689e-05, 1.06703906685587e-05, 1.5153233958230062e-05, 3.348543617961467e-05, 6.971533271234477e-05, 7.683451196205545e-05, 5.4632071054424444e-05, 2.7169834282255103e-05]
0.00908937067708921,_,[515, 830, 830, 320, 320],_,[1.3415778861875693, 1.0192736166626044, 0.6914292358147339, 0.428267376078982, 0.20732959465378098, 1.020967579774621e-05, 1.052494028580975e-05, 1.0025527387508149e-05, 1.523542390315249e-05, 1.120497335476376e-05, 2.9570517654297912e-05, 7.480998674480599e-05, 8.485031983181085e-05, 3.7453060308688716e-05, 2.01627639745182e-05]
0.0068430918449080705,_,[515, 830, 635, 635, 635],_,[1.3762541638604993, 1.0962531180453956, 0.7628827376673424, 0.4225768223650438, 0.15442901576236548, 1.2041651842086036e-05, 1.0675130885404838e-05, 1.2012497519258043e-05, 1.1785926701798513e-05, 1.043659384190102e-05, 3.91975737095877e-05, 7.21024651497102e-05, 5.3860991461217104e-05, 5.269201654625251e-05, 4.8571776165578376e-05]
0.008847521656790253,_,[515, 830, 635, 635, 320],_,[1.3196789830215891, 0.9856439247185101, 0.6441081196107378, 0.36350334931399425, 0.1444323632286406, 1.1402733107440717e-05, 1.0297175150564548e-05, 1.2058511041273203e-05, 1.1836799812040645e-05, 1.4550710843055897e-05, 3.4744447018639245e-05, 7.124434887967513e-05, 6.175965034952603e-05, 6.903462148750269e-05, 2.7469698265932133e-05]
0.009234302239010976,_,[515, 830, 635, 320, 320],_,[1.3217151525208835, 0.9826522691490602, 0.6262408813887065, 0.3447043197025663, 0.17705485464545087, 1.0181949442910688e-05, 1.0186810365196876e-05, 1.0961418166141737e-05, 1.487504718898759e-05, 1.5561149708742127e-05, 2.928489198712108e-05, 6.945081613506115e-05, 5.526312634536076e-05, 3.577637559544136e-05, 3.990607600859558e-05]
0.010719018714805581,_,[515, 830, 320, 320, 320],_,[1.3159356397195685, 0.9688375256636405, 0.6164423924781075, 0.40235395682645053, 0.1831320422153341, 1.0366080229230884e-05, 1.0052081431674834e-05, 1.8776190383751764e-05, 1.2705558584586478e-05, 1.5258977080297295e-05, 3.0956818126268954e-05, 7.023189285570135e-05, 3.3439068893951744e-05, 4.317999566495771e-05, 2.368407883171907e-05]
0.0076186998450735125,_,[515, 635, 635, 635, 635],_,[1.3272022801844503, 0.9913590467466968, 0.6510793463789778, 0.3377323688654605, 0.12087625576139203, 1.0624310418079073e-05, 1.1329983342089882e-05, 1.2091658773790467e-05, 1.2006787359157173e-05, 1.0774300616104606e-05, 3.1302615880583883e-05, 4.814550774176619e-05, 5.57566126971551e-05, 5.7884592344788166e-05, 5.765214457952081e-05]
0.023095119134245463,_,[515, 635, 635, 635, 320],_,[0.005020185116332906, 1.3219809534511535, 0.9379661249264876, 0.5349932758211121, 0.1849250198331466, 1.0013152935768303e-05, 1.0095412601777975e-05, 1.079890855563964e-05, 1.0467696233900539e-05, 1.2554593987888073e-05, 8.971897186569186e-05, 4.426612051855024e-05, 4.580952447642289e-05, 4.453243016852844e-05, 1.4850134527608134e-05]
0.009646952892844325,_,[515, 635, 635, 320, 320],_,[1.3318126419485727, 1.0005947157958885, 0.648798595698144, 0.455671145123732, 0.22257566992436278, 1.0847963995761171e-05, 1.0755649323311403e-05, 1.0823796897055124e-05, 1.3061655894927198e-05, 1.4607027015883734e-05, 3.1129771515242094e-05, 4.8215228744955233e-05, 6.884175300639906e-05, 4.8101341779992775e-05, 2.1063543962317174e-05]
0.010555615199179769,_,[515, 635, 320, 320, 320],_,[1.3477268216413547, 1.0070770147434323, 0.6567032402061416, 0.41004872030494693, 0.191015503040241, 1.0484080264580767e-05, 1.1602435164509733e-05, 2.1194773690226226e-05, 1.4345978010627605e-05, 1.5715124072104856e-05, 3.1901960714871865e-05, 5.4563753634918156e-05, 3.589045365943324e-05, 4.0216256497289285e-05, 2.7964770231176848e-05]
0.011549897603686994,_,[515, 320, 320, 320, 320],_,[1.357822325806681, 1.0688414946687304, 0.7605907175255363, 0.4755430696830436, 0.1924149604297103, 1.0938404408847514e-05, 1.480635753323402e-05, 1.09037893847986e-05, 1.4229690783486e-05, 1.3608912395475772e-05, 4.0172103664942374e-05, 2.1075819330992738e-05, 2.1392157387937872e-05, 2.4666991170557417e-05, 2.109819983146367e-05]
0.007356536986362781,_,[830, 830, 830, 830, 830],_,[1.3468159289309594, 1.0371452725751165, 0.6919498769979415, 0.365344019608429, 0.14654248418483715, 1.0047770284971242e-05, 1.0591681607349385e-05, 1.0966939572862834e-05, 1.0511678725010498e-05, 1.0212145618683217e-05, 7.266623849995428e-05, 7.19112448858039e-05, 7.591207962104632e-05, 7.251189603916468e-05, 7.42776855503176e-05]
0.006946690007965709,_,[830, 830, 830, 830, 635],_,[1.3626374327351565, 1.0760946128328859, 0.7428713123433727, 0.42777516132880183, 0.161233509451285, 9.999999999999999e-06, 1.0631945320084681e-05, 1.1330821779263883e-05, 1.0982107077315765e-05, 1.1136956703913266e-05, 6.927141361158229e-05, 7.31442362284253e-05, 8.000626371225922e-05, 7.686153077072805e-05, 5.263413547781806e-05]
0.00887077891223272,_,[830, 830, 830, 830, 320],_,[1.3278055254869037, 1.0180158644780954, 0.6776560475113484, 0.3672775556132265, 0.13842093331641514, 1.003654918852464e-05, 1.0599954875450724e-05, 1.037506091330269e-05, 1.0101511109914514e-05, 1.6723775402039573e-05, 7.076858743498402e-05, 7.434873327405671e-05, 7.551539038037603e-05, 7.45875650760583e-05, 3.114490378531721e-05]
0.006673667921286818,_,[830, 830, 830, 635, 635],_,[1.3917470282465938, 1.1229746989033982, 0.7822582616417333, 0.4357793207891429, 0.16256870297115755, 1.0020611641360416e-05, 1.0367067413373704e-05, 1.0683789431181077e-05, 1.1662515400924933e-05, 1.101624411052883e-05, 7.104666606049347e-05, 6.978674793168577e-05, 7.217415657472625e-05, 5.059889554589251e-05, 5.131018181806008e-05]
0.008243793334209654,_,[830, 830, 830, 635, 320],_,[1.3789006801113552, 1.1028536104235265, 0.7806923270738488, 0.45953916672072886, 0.17572331811102368, 1.0269017665632503e-05, 1.0626903308119564e-05, 1.056318544644232e-05, 1.1581937703147721e-05, 1.1690260271957847e-05, 7.497060586557708e-05, 7.663096906459252e-05, 7.892512924309737e-05, 5.822666721522065e-05, 1.5696561711867324e-05]
0.009218090016218226,_,[830, 830, 830, 320, 320],_,[1.3750505910095674, 1.1004295555469636, 0.780476700903768, 0.4626287728717136, 0.2002550470867519, 1.007150939735201e-05, 1.0524503021416478e-05, 1.0009780455451754e-05, 1.323205335133252e-05, 1.0992986186948936e-05, 7.453025049423357e-05, 7.733407529616446e-05, 7.951958046537437e-05, 2.0908183943358016e-05, 1.9049138711814973e-05]
0.006732557955242545,_,[830, 830, 635, 635, 635],_,[1.416662271873122, 1.1699013418410644, 0.8528203087701102, 0.4819408320278541, 0.1928250323338075, 1.002427516538948e-05, 1.0675245526417938e-05, 1.2143398778128322e-05, 1.145641995622662e-05, 1.0108081027256015e-05, 7.539106537100396e-05, 7.362932227961009e-05, 5.37298566051024e-05, 4.968192569704812e-05, 4.449221395182481e-05]
0.011270102282148243,_,[830, 830, 635, 635, 320],_,[1.2809086209264589, 0.9347937171335174, 0.5428962818335688, 0.25189273957592345, 0.09399622188330842, 1.0015635696140899e-05, 1.0510601880988115e-05, 1.2008396133920899e-05, 1.2034816701201974e-05, 1.2911339629802586e-05, 6.774180168152324e-05, 6.996929435509524e-05, 5.382045493861145e-05, 6.95793420523016e-05, 5.267041336161091e-05]
0.009332770464418449,_,[830, 830, 635, 320, 320],_,[1.3514293726076103, 1.0431984296702712, 0.6853836960759953, 0.38273296503018617, 0.18862472748321446, 1.0150583017564046e-05, 1.0307298237668375e-05, 1.1404280498344844e-05, 1.382601292740642e-05, 1.2666659562435725e-05, 7.078428210021983e-05, 7.085359328687684e-05, 5.769380762098403e-05, 3.193030184426405e-05, 3.12722025090536e-05]
0.010082266199493768,_,[830, 830, 320, 320, 320],_,[1.3733499515244292, 1.1020874899758093, 0.7606887885160538, 0.4651966680594681, 0.2103106513867015, 1.0107798868859466e-05, 1.0438227772738197e-05, 1.366672062958208e-05, 1.2173269441930647e-05, 1.1162671460745486e-05, 7.723713521394369e-05, 7.646520322308446e-05, 1.812745783765627e-05, 2.6845084284032574e-05, 1.5916644918893796e-05]
0.006715624097134324,_,[830, 635, 635, 635, 635],_,[1.4087105791224481, 1.1484355552654033, 0.8071950507993135, 0.454104647634276, 0.18309963580199354, 1.0006474980421934e-05, 1.0716138046284006e-05, 1.2198556656164129e-05, 1.2174263018011324e-05, 1.0444559696920311e-05, 7.300049144550198e-05, 4.5548659209374375e-05, 5.4229780183333586e-05, 5.492974982112576e-05, 4.874676499189318e-05]
0.009404176139331068,_,[830, 635, 635, 635, 320],_,[1.3290331857901823, 1.0308661536152954, 0.6771666808201537, 0.36318644559862195, 0.11566979490521184, 1.0027685275309936e-05, 1.2692431662929168e-05, 1.3044274168185724e-05, 1.1402687096296509e-05, 2.0181714381805863e-05, 7.066231168955135e-05, 6.05426459454903e-05, 6.402832308623812e-05, 5.347291104768718e-05, 4.167449865130566e-05]
0.010013861750885674,_,[830, 635, 635, 320, 320],_,[1.3180047651074163, 0.9689487306110875, 0.5917196713196027, 0.3019343096351849, 0.1445752853152873, 1.0030879221842706e-05, 1.1110965429605572e-05, 1.1091924483131601e-05, 1.5959283529177784e-05, 1.5121693507633973e-05, 6.795340795632054e-05, 4.762070932885724e-05, 5.246286617089402e-05, 3.981262901394631e-05, 4.35448212905991e-05]
0.010204521332358803,_,[830, 635, 320, 320, 320],_,[1.3526973014955357, 1.0539817389225086, 0.7200209860289377, 0.4608343110436054, 0.20779966545842934, 1.0020872689120232e-05, 1.1447042611911386e-05, 1.548656259329528e-05, 1.2983119348630014e-05, 1.2353389215587967e-05, 7.314454748352508e-05, 5.584203776002403e-05, 2.51665071054949e-05, 3.0839861994262075e-05, 1.7003055552987987e-05]
0.012604961342143122,_,[830, 320, 320, 320, 320],_,[1.3456771450950038, 1.015474955858066, 0.6860643125529986, 0.43522283441374876, 0.16569573335590618, 1.0008590270108804e-05, 1.483616017728252e-05, 1.2932135797203041e-05, 1.4872607953015197e-05, 1.1948227908955522e-05, 7.522765870098405e-05, 1.785335072861632e-05, 2.8883458536568268e-05, 2.6784699749621175e-05, 1.7991574700432745e-05]
0.0073835676778851046,_,[635, 635, 635, 635, 635],_,[1.3536241354874632, 1.02016635413847, 0.6769868656777324, 0.3800794229796081, 0.14959777965072749, 1.0244780276843014e-05, 1.1207819091404066e-05, 1.2126499829880507e-05, 1.4004773115980186e-05, 1.0146341320180043e-05, 4.608617379479183e-05, 4.890379118654567e-05, 5.619288368489573e-05, 7.41362490884576e-05, 5.159411125257332e-05]
0.009377237569746934,_,[635, 635, 635, 635, 320],_,[1.3060113471046229, 0.9389448702573205, 0.5506711128351214, 0.2619567360369574, 0.11907615351615759, 1.0252049852865152e-05, 1.0873304436678043e-05, 1.0600237492411078e-05, 1.1288414164916437e-05, 1.4465725737154923e-05, 4.279829465970589e-05, 4.4378559639897806e-05, 4.633527305775977e-05, 6.979884227327371e-05, 6.032555733206624e-05]
0.00935408611684477,_,[635, 635, 635, 320, 320],_,[1.3327161774586869, 1.0258093892446734, 0.6777800677087673, 0.40209377407863856, 0.17034864105239, 1.0730547958186815e-05, 1.158721166196033e-05, 1.1167118203555649e-05, 1.5614118365803507e-05, 1.5657227054431096e-05, 4.6883273326665146e-05, 5.264284038925984e-05, 5.941904642680111e-05, 3.263590143575272e-05, 3.0229524701153303e-05]
0.011496466433785515,_,[635, 635, 320, 320, 320],_,[1.3015765223867848, 0.9378455547448573, 0.5781318341587683, 0.38802470907857484, 0.18105532641315855, 1.0262372394080058e-05, 1.0605507679655623e-05, 2.1111656620198808e-05, 1.3999406187257067e-05, 1.6870135580812205e-05, 4.527598178735856e-05, 4.70496177719248e-05, 4.254378089248509e-05, 4.835980788774727e-05, 2.781331031999468e-05]
0.01583621507205773,_,[635, 320, 320, 320, 320],_,[1.297186987476465, 0.9041474599827777, 0.572823175455962, 0.35647041608310065, 0.09961692054163532, 1.0427419791007023e-05, 1.7164151552593775e-05, 1.382358307725973e-05, 1.6729961795556137e-05, 2.511594602613276e-05, 4.5935909762477897e-05, 1.8610770759880642e-05, 3.523707209910451e-05, 3.183879425933888e-05, 7.335113642941857e-05]
0.012904265559623032,_,[320, 320, 320, 320, 320],_,[1.3252035964214248, 1.004630687184172, 0.7118628722198249, 0.41565320502887076, 0.15896294362703653, 1.2293201588051284e-05, 1.22931256727565e-05, 1.1872003423530044e-05, 1.2269620042806809e-05, 1.123732172167466e-05, 1.5016713462808196e-05, 1.952754018105599e-05, 2.4541419160294823e-05, 2.017785107259872e-05, 1.8340995330754937e-05]
