0.008620661874542941,_,[635, 310, 310, 635, 310],_,[1.2445959363557177, 0.8306537357767613, 0.6827542757660356, 0.16468987393760368, 0.7321157321310476, 7.411628906909885e-05, 5.6791897245312084e-05, 6.191808545131143e-05, 7.848599934047e-05, 7.984844461612427e-05, 2.366379035652911e-05, 4.2457455691247076e-05, 5.7694303235107306e-05, 1.2551375490576016e-05, 1.0220360304088137e-05]
0.007665288441783283,_,[635, 310, 310, 310, 495],_,[1.3296982918336495, 0.8025489964579949, 0.941151201892296, 0.5287047353341404, 0.22199482980173935, 6.95275249309862e-05, 7.360231255105957e-05, 6.866963466497269e-05, 5.570310995670736e-05, 7.302015650339152e-05, 3.2280363831765506e-05, 1.2169450787384957e-05, 3.894881212223055e-05, 4.641228916556755e-05, 3.9837102779872956e-05]
0.010256134376330843,_,[635, 310, 310, 310, 830],_,[1.2288422977301587, 0.26609320416612026, 0.9538337706894956, 0.5639948921600253, 0.23474676398449013, 6.716279967278718e-05, 1.0469694270994369e-05, 1.0023128395846478e-05, 4.2835017469861826e-05, 7.99924924702778e-05, 3.352138501398825e-05, 7.577941871557181e-05, 2.4502523378528457e-05, 5.5035792818563124e-05, 1.7695973111167193e-05]
0.008031202152184069,_,[635, 310, 310, 310, 635],_,[1.4255388510848526, 0.8771316335046024, 1.2637950997215677, 0.58464537053643, 0.3417793769013999, 6.554701385600521e-05, 7.179386092625129e-05, 7.970659785550699e-05, 3.561395383202993e-05, 7.991329078421628e-05, 4.51833829086522e-05, 3.708489603274511e-05, 2.95434455646904e-05, 6.224168076548854e-05, 2.750960842735056e-05]
0.018320691821469465,_,[635, 310, 310, 310, 310],_,[1.2861045944449827, 0.8441075722321737, 0.75196729521924, 0.22952756273631836, 0.219055524211349, 1.167873262472112e-05, 6.608680603086918e-05, 7.281048385057292e-05, 7.161357560524936e-05, 6.985320217768651e-05, 3.490603708841269e-05, 4.0067682210246595e-05, 3.3802845019063545e-05, 3.49892634970942e-05, 3.324992233245273e-05]
0.01339667666834326,_,[310, 495, 495, 495, 495],_,[1.18517244433173, 0.9922673000812061, 0.5071320226404101, 0.2147861749745792, 0.08535120183776747, 7.44144027666452e-05, 7.548583303735839e-05, 2.9497933136089773e-05, 1.3983006386750981e-05, 7.999383415880639e-05, 2.693512585285223e-05, 2.591706235176926e-05, 4.6705177315418825e-05, 6.62886345228152e-05, 2.7497749961581743e-05]
0.005780298940951327,_,[310, 495, 495, 495, 635],_,[0.04159814356012253, 1.3899453841876832, 0.9825128849224153, 0.538406488248762, 0.19147572523527134, 7.997882194370709e-05, 6.388371364336356e-05, 6.535433792212232e-05, 6.715111013555352e-05, 6.765418235337719e-05, 1.7907327197721333e-05, 3.6898405252926416e-05, 3.950806018379305e-05, 4.2970679569992405e-05, 2.389090204662743e-05]
0.013452504771574914,_,[310, 495, 495, 495, 310],_,[1.440869863783957, 1.2460237830491971, 0.9245851377321151, 0.20238468738262555, 0.5030528147777235, 5.6003861141614186e-05, 2.5594873425956776e-05, 5.18734170550411e-05, 7.665501909227146e-05, 6.494745464131029e-05, 6.0174731498924114e-05, 4.512669460719199e-05, 3.371734626042502e-05, 1.0695272776277564e-05, 2.4609771066382958e-05]
0.01663072379507295,_,[310, 495, 495, 830, 310],_,[0.3248193355685431, 1.1069990139821708, 0.414119677207549, 0.007198779161954487, 2.8220437347885565, 7.583749757800212e-05, 7.74436304172961e-05, 6.714280881265292e-05, 7.09389120702189e-05, 7.231279940390346e-05, 1.8217624166510603e-05, 3.122122500180304e-05, 3.0353067538759933e-05, 2.562967933890882e-05, 1.6605642422229076e-05]
0.012212927526882836,_,[310, 495, 495, 635, 495],_,[1.3560530380879772, 0.949059178315916, 0.41615824707596216, 0.1341763279567049, 0.006624177889226537, 6.370935078341358e-05, 6.781819707248449e-05, 6.13069380121759e-05, 1.952464914640373e-05, 6.253165130594616e-05, 7.193906418732714e-05, 4.254983015520003e-05, 3.632669535307996e-05, 7.423494534202694e-05, 3.8488334276905847e-05]
0.012685562968627807,_,[310, 495, 495, 635, 310],_,[1.1024052417498809, 1.0666199822597324, 0.45300460854688784, 0.22763172314940466, 0.07893725430752242, 7.637836907069163e-05, 7.799130677734865e-05, 6.514063756602876e-05, 1.5608678207195235e-05, 6.092378430799336e-05, 2.6860979687360347e-05, 2.1267096928720036e-05, 3.290553562923791e-05, 7.758565078270259e-05, 7.468424903671296e-05]
0.011251016936231109,_,[310, 495, 495, 310, 495],_,[1.3680240457318882, 0.9931091488316172, 0.5200275260566602, 0.29407077380137775, 0.08465521345043388, 6.899549619588074e-05, 6.531442354572808e-05, 6.38362846244726e-05, 3.297503374951057e-05, 7.609110871279407e-05, 7.97302393425295e-05, 3.1399941733926194e-05, 2.0281886513981278e-05, 6.177839194827866e-05, 4.8408175762752986e-05]
0.006442980178532257,_,[310, 495, 495, 310, 830],_,[1.3509875098695503, 1.0141636647378587, 0.5037846927166965, 0.3275934199545548, 0.05924974241247486, 6.253659384347225e-05, 6.608272522441934e-05, 7.108616664472186e-05, 7.53180452787492e-05, 7.100051082195634e-05, 5.597951757819709e-05, 3.5656770961907825e-05, 2.8415989633084595e-05, 2.601413293994168e-05, 2.274101205058951e-05]
0.009294482319967023,_,[310, 495, 495, 310, 635],_,[1.3472664869712352, 0.9748693587494267, 0.5002987936833402, 0.2404271270709453, 0.0626527323831647, 5.643008920910448e-05, 6.697610415741216e-05, 6.941602677348421e-05, 5.1521592298483694e-05, 7.56569295297168e-05, 5.771324787141938e-05, 3.190397415751437e-05, 3.2165363487232244e-05, 7.266693953196309e-05, 3.2826045664805745e-05]
0.014522652688062708,_,[310, 495, 495, 310, 310],_,[0.47869742053306424, 1.391140735949654, 0.5918218611579155, 0.3741997973032524, 0.11101444945260817, 6.805308396422273e-05, 7.300210609373009e-05, 6.692492346886068e-05, 2.156979403237131e-05, 6.031552822425521e-05, 2.946254140322727e-05, 2.548885099143792e-05, 4.3707521997715445e-05, 3.6356859011133366e-05, 5.9328185794133766e-05]
0.007137420904221432,_,[310, 495, 830, 495, 310],_,[1.307400480235748, 1.067960838966661, 0.5190843501477674, 0.0, 0.3061738808222221, 6.788475845449978e-05, 7.412208156362279e-05, 6.787100362923453e-05, 7.94084945944948e-05, 2.1129560375458334e-05, 5.160412464027281e-05, 3.288396197292723e-05, 2.3974409903690944e-05, 1.9245746787568338e-05, 7.613153162217641e-05]
0.012371108690612314,_,[310, 495, 830, 310, 495],_,[1.3910229481461858, 1.19840513465136, 0.7939241037231776, 0.00543756445170211, 0.7894383049841548, 7.303596818253594e-05, 7.427620787636367e-05, 7.941580016686007e-05, 7.113876515930836e-05, 7.998283307692338e-05, 1.9965715771729623e-05, 2.2689402949460087e-05, 1.2530801025454814e-05, 2.3210101810146607e-05, 1.0483924429316874e-05]
0.009520679351780874,_,[310, 495, 830, 310, 310],_,[0.6137606781886367, 1.2770601896231204, 0.4999415626715313, 0.15010607154255023, 3.2184703420954173, 7.92148813660196e-05, 6.882446230584298e-05, 6.79160707408776e-05, 2.564140643059884e-05, 2.3521620187929553e-05, 1.8748317554169698e-05, 2.463477062889167e-05, 1.9507070825987332e-05, 6.463248025992027e-05, 1.9072792069328853e-05]
0.008716021159564848,_,[310, 495, 635, 495, 495],_,[0.5847516583889, 1.3765229477905068, 0.6705538185090041, 0.2530177534510772, 0.047244968476491636, 1.3099268492737122e-05, 7.872806463014012e-05, 7.213450319974362e-05, 7.969634194822782e-05, 3.0570628918593176e-05, 6.592627290374982e-05, 3.1879278023526995e-05, 4.3814803693397475e-05, 3.3010596381236785e-05, 5.671201329025877e-05]
0.012793394962128146,_,[310, 495, 635, 495, 310],_,[0.0177438418031023, 1.3713511440566182, 1.002167806626771, 0.5241745537761787, 0.16421957156367842, 7.353004785862881e-05, 6.540802145393159e-05, 5.980471423698463e-05, 6.745724906469378e-05, 5.38957115396749e-05, 2.7521568658326834e-05, 3.603772228130907e-05, 1.8465656887065213e-05, 3.317150297585374e-05, 5.266718114995823e-05]
0.008953972033677217,_,[310, 495, 635, 635, 310],_,[0.6425271987321288, 1.4524874915900428, 0.646694682977876, 0.3215279510061947, 0.11946144642159195, 7.356483663761866e-05, 7.887458147742447e-05, 6.067337464339698e-05, 1.3987260539107822e-05, 5.852571748458969e-05, 3.159735961121846e-05, 2.8899432655643492e-05, 3.8216840858302144e-05, 7.229348927768188e-05, 6.84778886121555e-05]
0.010573280516062522,_,[310, 495, 635, 310, 495],_,[0.4793393780749149, 1.3865090146027947, 0.6074002482184799, 0.3613215316544489, 0.12030972981362603, 7.191344585690462e-05, 7.809084785873005e-05, 3.244315577594037e-05, 3.324250648660813e-05, 7.291603939825829e-05, 3.3178103028832346e-05, 2.922697809365617e-05, 6.457440241417232e-05, 5.439565992940234e-05, 3.713220555340377e-05]
0.008517070652930793,_,[310, 495, 635, 310, 635],_,[1.3408122314821425, 1.172198509898618, 0.6295032817008708, 0.5141154274888377, 0.12326260502116855, 6.532869750579662e-05, 7.359145820436888e-05, 7.58887277729972e-05, 1.0901925654421919e-05, 1.758144954238943e-05, 2.0096256922249184e-05, 3.335618356105088e-05, 2.073964480655976e-05, 5.505357146478527e-05, 2.9304980701482312e-05]
0.01023936696321202,_,[310, 495, 635, 310, 310],_,[0.6743906459407512, 1.3159516237925404, 0.4800442744266548, 0.24093861465878819, 0.061842524556828316, 7.548051142014353e-05, 7.566015393867676e-05, 6.964993540782556e-05, 6.919391330457788e-05, 7.533258430002705e-05, 3.215969563348856e-05, 2.4439880461965523e-05, 3.557817884493193e-05, 3.230084162675484e-05, 4.9868706209466696e-05]
0.011820294485655814,_,[310, 495, 310, 495, 495],_,[1.3465013150796665, 1.0360432279906464, 0.5991879680746905, 0.38211196442891837, 0.03263488799337323, 5.7349775195875254e-05, 1.88165185131033e-05, 5.992605944237971e-05, 7.969657045353989e-05, 5.958293365099217e-05, 6.161411042065222e-05, 3.0994459018347686e-05, 3.3292372855159364e-05, 2.5511550369657916e-05, 5.0223965200391905e-05]
0.007959269657476486,_,[310, 495, 310, 495, 830],_,[0.08770889248197491, 1.287592626996304, 0.8721954558885819, 0.5737404931515202, 0.19413084360568844, 7.997386158018018e-05, 7.409520170995076e-05, 5.2054235376949275e-05, 5.8870825424740884e-05, 7.432062596219071e-05, 1.5297212579697368e-05, 3.6338488642589556e-05, 5.0791966773555093e-05, 2.2671306029728177e-05, 1.5366397486083332e-05]
0.008567339023364427,_,[310, 495, 310, 495, 635],_,[1.3805058050471273, 0.9974073672039472, 0.682614477567823, 0.38669007998953203, 0.07306299235134288, 5.871746332769506e-05, 7.407929448847212e-05, 2.583498361184318e-05, 6.113709789892624e-05, 6.897669915246448e-05, 5.678475265302948e-05, 3.48042148787259e-05, 5.847916927573501e-05, 3.2639939339489496e-05, 3.714355734532497e-05]
0.016148027766666767,_,[310, 495, 310, 495, 310],_,[1.1777264935074456, 0.9113504428962588, 0.42773276180768455, 0.21265181220987045, 0.00656529054247144, 7.353651218135544e-05, 7.953908782749759e-05, 5.19823181854585e-05, 6.516518686007165e-05, 6.418881190209944e-05, 3.300098259258523e-05, 2.5874213357373374e-05, 5.286860709514141e-05, 2.829803633987344e-05, 6.240875683680856e-05]
0.008521395160218543,_,[310, 495, 310, 830, 495],_,[0.11530630264167185, 1.2629990742356507, 0.8582460494602296, 0.43557587922140717, 0.05442139463016573, 7.825172239937909e-05, 7.756963619864073e-05, 6.065538187202331e-05, 7.185273967333333e-05, 5.487095320047534e-05, 3.0486696619748593e-05, 3.4648408650620807e-05, 4.749610927361507e-05, 1.4964010163899256e-05, 6.78339445702651e-05]
0.012575951282942551,_,[310, 495, 310, 830, 310],_,[1.2984929963339336, 1.1256454080689158, 0.6958121043490622, 0.47414533491054367, 0.10147260255707449, 6.820068201625244e-05, 7.656842676226892e-05, 1.5620522494668445e-05, 7.784779212346911e-05, 6.699352963485653e-05, 3.248122710252172e-05, 2.5223706917329547e-05, 6.475033063864122e-05, 1.4014611640682699e-05, 7.59410227439574e-05]
0.010597064613127103,_,[310, 495, 310, 635, 495],_,[0.06938069276227941, 1.362536105910579, 1.0345865728441401, 0.6314610917741955, 0.17041604323131773, 7.667240923032813e-05, 1.6201967473904727e-05, 7.278335996639238e-05, 7.816707800085526e-05, 5.2883032581312683e-05, 2.0214778222426103e-05, 3.1111084066306184e-05, 4.136033251008345e-05, 2.536489155042926e-05, 3.5648527282774146e-05]
0.007755878256082716,_,[310, 495, 310, 635, 635],_,[0.01466225753602269, 1.3593145225491958, 0.9836660815676376, 0.7337025645722275, 0.20832628400518502, 7.297065326024721e-05, 4.386375979812284e-05, 7.139355516660291e-05, 7.604428301776212e-05, 6.130135347926287e-05, 1.8176126520104726e-05, 3.413719263777444e-05, 2.4063585716645354e-05, 2.3982531017105896e-05, 3.3780749024307725e-05]
0.010446491277350914,_,[310, 495, 310, 635, 310],_,[1.2699428188214057, 1.0666981675024618, 0.7088917280654518, 0.32241045846618566, 0.011696188224079413, 6.973033716285498e-05, 7.999999999999999e-05, 5.442961194407043e-05, 7.72034967147198e-05, 5.8011172081923185e-05, 3.659014575169427e-05, 1.8709340113892294e-05, 3.978809194016477e-05, 3.062878147237884e-05, 6.57493935265162e-05]
0.011923450038204185,_,[310, 495, 310, 310, 495],_,[1.3646343577606748, 1.0292453011549283, 0.7272961764333574, 0.3448695120641319, 0.1835379841487569, 4.0579392803317304e-05, 7.502098137299366e-05, 6.39886813978352e-05, 6.50514321750069e-05, 7.822242713295845e-05, 3.067018743229641e-05, 2.4596509321325786e-05, 4.6756052534519165e-05, 3.0235172287663985e-05, 2.5578881197188448e-05]
0.01507253977159855,_,[310, 495, 310, 310, 830],_,[1.3857041565046322, 0.9116467100657807, 0.46623122297742375, 0.24949437422859216, 0.00697251621665502, 7.313978925187881e-05, 7.510253263851253e-05, 3.242209743398631e-05, 6.968376073251628e-05, 6.402489508682972e-05, 7.69775064212101e-05, 3.758778092608045e-05, 2.2871284366582194e-05, 6.309513521019348e-05, 6.42615013577806e-05]
0.010614462528789085,_,[310, 495, 310, 310, 635],_,[1.2744770850812575, 0.9653641876429668, 0.5287291631694032, 0.32499582887019696, 0.09474848435827576, 7.147396219638474e-05, 7.821571837071797e-05, 5.109886853136796e-05, 4.103653799258881e-05, 7.447445278362336e-05, 3.596074144671925e-05, 2.7883566814089277e-05, 5.16480821250916e-05, 4.2588001827033384e-05, 2.672229226969595e-05]
0.016798217389370554,_,[310, 495, 310, 310, 310],_,[1.2773120631316814, 1.015172384357774, 0.6019959580692283, 0.31986678741840713, 0.14384026300359412, 6.904758578947005e-05, 7.947905290887118e-05, 4.6760928532613936e-05, 6.060878213598444e-05, 6.501271080400685e-05, 3.659198807283231e-05, 2.2351708952879743e-05, 3.9530142585519064e-05, 3.292580012247731e-05, 3.649014213618904e-05]
0.012161099707442632,_,[310, 830, 495, 495, 310],_,[1.2505387986475114, 1.0061559507712023, 0.4788764806027056, 0.23104564092691887, 0.05778290164704964, 7.306136110255194e-05, 7.983380730966808e-05, 5.0240756843701026e-05, 1.4300413200925805e-05, 5.2082390225996556e-05, 3.233454352753849e-05, 1.125529938402477e-05, 2.09464246615582e-05, 5.07951101750481e-05, 3.7817620223601584e-05]
0.008605358777845339,_,[310, 830, 495, 310, 495],_,[0.02833410765638736, 1.3713672675906572, 0.9911217571686209, 0.6889916340809918, 0.31965997226807025, 7.741842354824519e-05, 7.159054283546016e-05, 6.510803917520559e-05, 5.225691067818666e-05, 7.333998050582381e-05, 2.8592029602342804e-05, 1.9359334373881057e-05, 3.466873859759572e-05, 5.895762176549431e-05, 4.227974116878247e-05]
0.015341050639417916,_,[310, 830, 495, 310, 310],_,[0.33193000852444415, 1.3135925976868252, 0.2870235935888822, 0.7953167218826844, 0.2695168938996633, 7.650680972563903e-05, 7.392957140923645e-05, 7.620307298655093e-05, 7.309334103066397e-05, 7.839153306020076e-05, 2.5551159692881944e-05, 2.6623427509365998e-05, 1.9875529175992547e-05, 3.133562577168907e-05, 3.805605668526637e-05]
0.011378366113478297,_,[310, 830, 635, 310, 310],_,[1.3429429810027236, 0.9606438847651835, 0.5358322233434042, 0.013702062756269024, 0.6102071476311737, 7.741567641414071e-05, 7.874955766760375e-05, 7.533274553443245e-05, 7.567126669823866e-05, 7.968110454155679e-05, 4.063328131528185e-05, 1.3495923018201666e-05, 1.233789101145995e-05, 2.2067539908306584e-05, 1.746057927852462e-05]
0.009537072375943331,_,[310, 830, 310, 495, 495],_,[1.3045552366305888, 1.1969708223951026, 0.12209422637766759, 0.7585332120458874, 0.10076808204384106, 7.779726495060205e-05, 7.800463415410226e-05, 7.652863823367335e-05, 7.791541157994908e-05, 6.12654998114246e-05, 3.056727250590419e-05, 2.6530194762876618e-05, 3.2891379066038894e-05, 3.113633530835054e-05, 4.438026345542004e-05]
0.015187583148942883,_,[310, 830, 310, 495, 310],_,[0.5506471716812852, 1.172826734048276, 0.06255192671385028, 0.5264700146218723, 0.12800517597642327, 9.999999999999999e-06, 7.83095280065323e-05, 6.808978553669746e-05, 7.531893701546312e-05, 7.238334193897734e-05, 7.636687522568077e-05, 2.668888021119102e-05, 1.1683960565247934e-05, 4.2023001730380285e-05, 4.744810452076712e-05]
0.012131193378646246,_,[310, 830, 310, 635, 310],_,[0.6310822179907438, 1.3186736726316568, 0.038320726392953725, 0.5082631637828758, 0.3243202886689282, 7.999492348144176e-05, 7.697427445581102e-05, 7.597509499646923e-05, 7.924175980271769e-05, 7.9063556344828e-05, 2.824523224017639e-05, 2.4683248302740823e-05, 2.864663667061881e-05, 2.1283676569100395e-05, 2.3257397079783094e-05]
0.013585260709868763,_,[310, 830, 310, 310, 495],_,[0.4011271324647631, 1.138034094005199, 0.4159330926292067, 0.46799044342926366, 0.11641443394315719, 1.4032363479878434e-05, 7.946471479144531e-05, 5.747107634893356e-05, 5.404198491903526e-05, 2.8382380243990032e-05, 6.188594796015994e-05, 1.729792020069703e-05, 4.8928568997726035e-05, 4.1571254827831354e-05, 4.5017744363415896e-05]
0.007905626192487615,_,[310, 830, 310, 310, 635],_,[1.332878315239164, 1.0285080573657932, 0.42340213685919, 0.6128464893860123, 0.11140765701360704, 6.418939439170651e-05, 7.393188894430504e-05, 7.793027560777817e-05, 7.580362135747465e-05, 6.911492330106733e-05, 4.690947700980968e-05, 1.3457986494482235e-05, 3.1425158992321714e-05, 3.2857383915669065e-05, 4.071800622323971e-05]
0.01323989598003508,_,[310, 830, 310, 310, 310],_,[1.0238549239608599, 1.0716923264027192, 0.04971942978620434, 0.22724031842548642, 0.7380512833956083, 7.926629754683921e-05, 7.610441410973434e-05, 7.451882327972412e-05, 7.841307041842265e-05, 7.774818060055231e-05, 2.0973296808114935e-05, 1.930265897959816e-05, 2.2586712111862554e-05, 2.176177968158275e-05, 2.4646727666447247e-05]
0.011918809316346068,_,[310, 635, 495, 495, 495],_,[0.9901046233858569, 1.115550531527768, 0.5216114145341717, 0.21103239862601492, 0.05448743190482216, 1.0080121767949085e-05, 7.990542099545077e-05, 2.451829340960911e-05, 1.8392752089359594e-05, 1.8269532687330383e-05, 7.873654607074449e-05, 1.998650876732736e-05, 1.8174696682828942e-05, 6.220087594733761e-05, 2.5855368559364494e-05]
0.011927851631940383,_,[310, 635, 495, 495, 310],_,[1.3888191302632915, 1.0253832597152819, 0.6621036469864017, 0.06905395359315501, 0.7872121080290724, 6.588443488052713e-05, 7.612337290926056e-05, 6.219649201748857e-05, 7.649754844684867e-05, 1.1189423297539853e-05, 7.014114201035517e-05, 1.7034373654311065e-05, 4.889927567475003e-05, 2.2089277149853816e-05, 5.307641338954785e-05]
0.014117821740412068,_,[310, 635, 495, 635, 310],_,[0.10038084445757392, 1.3472721870742124, 0.819384870620341, 0.416838307863364, 0.19080545686758948, 5.6830775232722434e-05, 6.416901625582564e-05, 6.193853149224815e-05, 1.5817359575473076e-05, 5.049864544548159e-05, 2.2579832359540957e-05, 2.124586602359333e-05, 3.950273249052586e-05, 6.163137116926306e-05, 5.3024350326997655e-05]
0.010566658780152035,_,[310, 635, 495, 310, 495],_,[1.3084942166488707, 0.9485343413149395, 0.4881128233521756, 0.22985861561230247, 0.07422083209743309, 5.439365611547854e-05, 7.757156999309295e-05, 6.858662628941831e-05, 7.325077709247327e-05, 5.0344605050851995e-05, 3.978625022437771e-05, 1.7524367446884192e-05, 2.3802845031524898e-05, 2.7136512500907312e-05, 2.2926789616525154e-05]
0.009862548897637935,_,[310, 635, 495, 310, 635],_,[0.032437597960955224, 1.244539508175829, 0.7228428965879842, 0.411123676712602, 0.1459538631940217, 7.997398648625e-05, 7.56255316665383e-05, 6.452375933424687e-05, 5.976030383889739e-05, 1.871089816811529e-05, 2.2075308413746068e-05, 2.969180148085782e-05, 3.2504889153603094e-05, 5.6752177076098225e-05, 6.846978734124924e-05]
0.014318952278416059,_,[310, 635, 495, 310, 310],_,[0.022049559275861504, 1.1658686845038257, 0.6796804663843494, 0.43338064978236834, 0.1814176766705917, 7.999999999999999e-05, 7.472956599445212e-05, 1.9514355155262966e-05, 3.1254968235846685e-05, 4.8030093789522135e-05, 3.0381318192334473e-05, 3.205292232766179e-05, 4.877670788060516e-05, 4.781137069635123e-05, 4.595884647216423e-05]
0.011808703199835435,_,[310, 635, 830, 310, 310],_,[1.1726432092056833, 0.8943551491435665, 0.27002638866664713, 0.01927103432278744, 0.0, 6.836532803119277e-05, 7.925328462988004e-05, 6.956021550946389e-05, 4.104865896528627e-05, 6.139651840418398e-05, 2.666092900400289e-05, 2.1722716353999746e-05, 1.8465462638607833e-05, 3.217840019199088e-05, 4.166564107744704e-05]
0.012548375587687037,_,[310, 635, 635, 495, 310],_,[1.052475332207529, 1.0363444561077957, 0.29210986436953146, 0.3336277205471879, 0.021330270079111206, 7.770808487773748e-05, 7.776379412374594e-05, 7.995751004226396e-05, 7.978365350994496e-05, 6.306746451121753e-05, 1.9459389009357033e-05, 2.0175947564636763e-05, 1.4148412012806941e-05, 1.6965591135437818e-05, 3.814952604659268e-05]
0.008488576489123534,_,[310, 635, 635, 310, 495],_,[1.349412405117798, 0.9722915823492857, 0.4332625945053989, 0.1335350703427866, 0.013620920671352683, 7.271265468608631e-05, 6.81599178340007e-05, 7.263683179843182e-05, 7.056692957578432e-05, 5.525071973696613e-05, 5.4843794418345604e-05, 2.034794778196433e-05, 2.3165668778076385e-05, 2.438437851884468e-05, 3.9555475554136085e-05]
0.00721649494807122,_,[310, 635, 635, 310, 310],_,[1.3301333994608244, 1.0872189113851354, 0.514609815986847, 0.1523902694810264, 0.06438563376830571, 7.357478868990552e-05, 7.546348397226131e-05, 7.574197914169126e-05, 5.261067265327593e-05, 5.820326638452867e-05, 3.323950674843106e-05, 2.0408049910869283e-05, 3.342025923214053e-05, 7.020134077935448e-05, 7.209292939661426e-05]
0.021179831673246285,_,[310, 635, 310, 495, 495],_,[0.3714178909157441, 1.5066576237457168, 0.4115596569849849, 0.8747102655879698, 0.2293744715494, 7.523580588440144e-05, 7.398353160683487e-05, 7.136598029994347e-05, 7.58158969637716e-05, 6.944455861689957e-05, 2.950159614694725e-05, 2.8223163871072586e-05, 2.548207265646657e-05, 2.3236124286922526e-05, 3.8744900238358624e-05]
0.006873158252101226,_,[310, 635, 310, 495, 635],_,[1.2387430595518873, 1.0268989044559438, 0.584897353844363, 0.35215680587302584, 0.06211419050551091, 7.374431746400358e-05, 7.93647945058718e-05, 3.7010456483960074e-05, 6.96984997492534e-05, 7.639570166984429e-05, 2.8998961539930193e-05, 1.6747975009291597e-05, 5.6400480854930074e-05, 3.371655442562239e-05, 2.9499866163754036e-05]
0.012115958367626531,_,[310, 635, 310, 495, 310],_,[1.2511482564403578, 1.035537925985712, 0.5347976407187021, 0.31122226465238223, 0.05726674579503926, 7.725050174070894e-05, 7.65786652654702e-05, 4.984089347032705e-05, 6.526710471399772e-05, 6.819545946886947e-05, 2.6659896328445998e-05, 1.691552037652333e-05, 4.421802837807911e-05, 2.7831708805855645e-05, 6.0211578148353014e-05]
0.01531745976547355,_,[310, 635, 310, 830, 310],_,[1.140937309342423, 1.276420599702801, 0.8571433869135255, 0.41158361648390707, 0.0, 7.997369751592816e-05, 1.0001166829289713e-05, 4.524529642155248e-05, 7.997962767746575e-05, 5.237520300760652e-05, 2.0709104384391868e-05, 7.875894499822822e-05, 2.8065244139771926e-05, 1.8310527986015703e-05, 5.8015827228931764e-05]
0.011263028539903006,_,[310, 635, 310, 635, 495],_,[0.10844162395372466, 1.202501298437096, 0.7226428926114571, 0.4912071216039792, 0.17805792684476018, 7.912205145441848e-05, 7.777889408756107e-05, 7.521538584179062e-05, 1.3123177830783449e-05, 2.0876321147480504e-05, 2.369079724225639e-05, 2.547372926288349e-05, 5.249833546095144e-05, 5.5418644702930293e-05, 4.695700185827936e-05]
0.016909760988976036,_,[310, 635, 310, 635, 310],_,[1.3062162347536155, 1.0422150757680395, 0.555922069923906, 0.41269675843878856, 0.15890014042540077, 7.660521739478859e-05, 7.821694502741369e-05, 2.6135225677346612e-05, 1.153336007508339e-05, 4.507824447555588e-05, 3.0418678812240937e-05, 1.9073741236717224e-05, 4.396666269833996e-05, 5.735291816113469e-05, 4.319121250398864e-05]
0.0104607205979583,_,[310, 635, 310, 310, 495],_,[0.06480282360566215, 1.2146235755944927, 0.6241122820402079, 0.549100958625564, 0.17674936921710815, 7.832891122454703e-05, 7.579861084876588e-05, 6.924535570435705e-05, 6.979952548932487e-05, 6.828160507341535e-05, 3.553402795736689e-05, 3.072458473729105e-05, 3.706350826416149e-05, 3.634701424772768e-05, 3.614656072039229e-05]
0.008809415697247984,_,[310, 635, 310, 310, 830],_,[1.3778589063062763, 1.1063324774041483, 0.7791241907641073, 0.5897579128173714, 0.19923768710126072, 5.020667467977967e-05, 1.237849051841108e-05, 6.125728706343028e-05, 6.311362143355985e-05, 7.419891618982451e-05, 5.750682325699959e-05, 5.484701203361275e-05, 3.668579590237076e-05, 3.5022630250134055e-05, 2.039874684324065e-05]
0.012605401197165253,_,[310, 635, 310, 310, 635],_,[1.369187022926072, 1.0856238658709185, 0.3522085031675345, 0.7792865242058866, 0.1056063340107008, 5.242936526910933e-05, 2.3925512409424908e-05, 7.822512838043124e-05, 6.379946268534052e-05, 7.235144057653757e-05, 5.258678981405778e-05, 4.395826075867862e-05, 2.8622897770237527e-05, 2.7019295020007996e-05, 5.036699022144575e-05]
0.02103440576838689,_,[310, 635, 310, 310, 310],_,[0.22414516953662647, 1.2283845022058302, 0.6136388307958935, 0.22197140275024282, 3.5377785319956856, 6.481555348644942e-05, 7.46170074595494e-05, 5.947662538946913e-05, 7.954933258303234e-05, 6.654325762989386e-05, 3.679234090757101e-05, 2.244908011079178e-05, 4.189606089150375e-05, 1.4601679435717738e-05, 3.7543675533715456e-05]
0.007135153463953339,_,[310, 310, 495, 495, 495],_,[1.382579656396066, 1.1743588852664222, 0.8270802749501536, 0.38934776119474196, 0.09097991023684791, 5.5377900227670154e-05, 4.5101201080312124e-05, 6.354525022871193e-05, 5.6258596858783e-05, 5.837843670386061e-05, 4.6265597139459e-05, 3.0081534331443345e-05, 3.0368848235427886e-05, 3.184248734321778e-05, 3.611047038320906e-05]
0.008718150129162668,_,[310, 310, 495, 495, 830],_,[1.1360241899025214, 1.1792356135599515, 0.658947402708525, 0.3700852510281765, 0.034320816021858574, 7.665137981405207e-05, 7.958297592794963e-05, 2.8213888966310133e-05, 7.06120825797457e-05, 3.897176005932227e-05, 3.275360786409992e-05, 3.2876189743713114e-05, 6.219981419420063e-05, 3.6857772727076224e-05, 6.373205498714477e-05]
0.01452646055092103,_,[310, 310, 495, 495, 635],_,[1.3026295387593883, 0.9955361341456207, 0.5876421746442091, 0.19546662635570897, 0.037046749090692076, 5.4404170103834125e-05, 6.998904672755029e-05, 6.506833079343414e-05, 2.387638996259135e-05, 4.640189374650702e-05, 4.527652344451945e-05, 3.226813120894277e-05, 3.121898154034988e-05, 5.221140531006824e-05, 5.697871120829834e-05]
0.011860732699067997,_,[310, 310, 495, 495, 310],_,[1.307349253311082, 1.1502504026715832, 0.9678923227507956, 0.2142049983813114, 0.8696465195107104, 7.580800456192782e-05, 7.689522451797602e-05, 7.998270928605114e-05, 7.399998426463695e-05, 7.937269571357998e-05, 2.638415972251484e-05, 2.628034739664012e-05, 2.5806043041659948e-05, 2.1707299948228125e-05, 2.020110081424753e-05]
0.011110327787678296,_,[310, 310, 495, 830, 495],_,[0.16385926284756908, 1.3084132996195632, 0.9198419442312615, 0.4517331363830878, 0.040238497007203146, 7.9999394715578e-05, 4.790614872360956e-05, 6.149195532839863e-05, 7.352779916458502e-05, 6.242619000666576e-05, 1.6749380364973508e-05, 3.707690104803182e-05, 1.833543989281668e-05, 1.4894649063295266e-05, 3.447815295855661e-05]
0.013967002762522695,_,[310, 310, 495, 830, 310],_,[0.1967096969124635, 1.448873666190562, 1.0384029249836682, 0.5026581356395915, 0.21376370866294364, 7.999999999999999e-05, 7.130718109099726e-05, 7.350848745572763e-05, 7.908187521703673e-05, 7.90060541089617e-05, 2.2377159246487033e-05, 4.45535836209634e-05, 3.201003579035011e-05, 1.2811541938310197e-05, 2.9612974557214005e-05]
0.013371667343399464,_,[310, 310, 495, 635, 495],_,[1.1678347262561672, 1.0599863037189654, 0.5999112022518136, 0.29721012299408034, 0.05524959803997074, 7.665347021012419e-05, 7.64653942903383e-05, 1.7949854916381198e-05, 1.1109740744619253e-05, 6.413997660172415e-05, 3.8177804205547564e-05, 3.915234702895229e-05, 3.888990120597696e-05, 4.403505889194123e-05, 3.458830325823848e-05]
0.006133629654978869,_,[310, 310, 495, 635, 635],_,[1.3657015399147878, 1.1390419113125259, 0.9428843495036036, 0.5184332671836307, 0.1046618591435513, 5.373039118920018e-05, 6.589728143641822e-05, 2.108469755448934e-05, 6.633551305894243e-05, 6.778419771668478e-05, 4.166250507519e-05, 3.690682876694216e-05, 6.447715768966218e-05, 2.6124250070715318e-05, 3.707940573785262e-05]
0.01643665422057987,_,[310, 310, 495, 635, 310],_,[1.2670953178968682, 0.9604084353586086, 0.5543702876719653, 0.14357703904227967, 0.007570449871170347, 5.7721180615757964e-05, 6.902690309087906e-05, 7.056863194203144e-05, 7.466110783785834e-05, 4.328032979070616e-05, 3.875213204622811e-05, 4.0346779601532056e-05, 3.130765929197565e-05, 2.141579126924823e-05, 3.4347407644838046e-05]
0.014195130763081381,_,[310, 310, 495, 310, 495],_,[1.0411087954756577, 1.120727375435179, 0.491266983682068, 0.2004063994599143, 0.02889900177762015, 7.325215136248904e-05, 7.394306699550004e-05, 3.4780423899293274e-05, 5.541068360382391e-05, 6.7400154444677e-05, 2.7262952566127242e-05, 3.1339296280167805e-05, 1.72949090781502e-05, 4.9682664376466876e-05, 6.441669860731183e-05]
0.011915856947721508,_,[310, 310, 495, 310, 830],_,[1.24291541416942, 1.049442187179577, 0.514649541921916, 0.5822543072255134, 0.07345002809731337, 6.115239704820149e-05, 5.882292195340438e-05, 6.661494810516156e-05, 7.460756665673111e-05, 6.782506908599027e-05, 4.379905525255141e-05, 3.923591628340963e-05, 1.876461773927291e-05, 1.3448127801256815e-05, 3.139030808204941e-05]
0.01395731545398513,_,[310, 310, 495, 310, 635],_,[1.407508285563119, 1.247108696619937, 0.8076977809483329, 1.0615539197807358, 0.30059098110497684, 5.798483587403869e-05, 5.537765189271021e-05, 6.732315746305833e-05, 6.546259798797049e-05, 7.510213721712217e-05, 5.771958713403249e-05, 3.0495872770051805e-05, 1.2052345498912277e-05, 1.1056637710824513e-05, 4.210637975427112e-05]
0.01523713389836403,_,[310, 310, 495, 310, 310],_,[0.8849519610825297, 1.514733764129308, 0.6944286766756136, 0.3478738650571402, 0.21847316745440926, 6.871138476729088e-05, 7.819576665401702e-05, 3.333536997627367e-05, 7.480686547904117e-05, 6.76350111604073e-05, 2.344378004281136e-05, 3.3574325016690686e-05, 2.599642918041595e-05, 3.7696873891693804e-05, 2.938629184655573e-05]
0.007361721725030596,_,[310, 310, 830, 495, 495],_,[1.12956733758862, 1.284911773591248, 0.5622977022671688, 0.13093456748980734, 0.044089794242909486, 7.3930544396079e-05, 7.51762559817983e-05, 7.093491560148948e-05, 3.418002573390856e-05, 4.1151296036772156e-05, 4.061491474898158e-05, 3.50194171176443e-05, 2.527103351743053e-05, 6.334219694278004e-05, 6.832515632766209e-05]
0.015720427502245126,_,[310, 310, 830, 495, 310],_,[2.2862224728105693, 0.19356550927128321, 0.7858206032727068, 0.39276426919379376, 0.09565041825793634, 5.193490333135943e-05, 3.077902917439213e-05, 5.2779004534490104e-05, 6.517051943408341e-05, 6.582279987795525e-05, 4.6077256488907654e-05, 6.084362488521577e-05, 2.9407924637327724e-05, 3.064264398039513e-05, 3.227249929676496e-05]
0.013045681284206967,_,[310, 310, 830, 635, 310],_,[2.4326004735082285, 0.3530997957294659, 0.8642602769565956, 0.4590206230283383, 0.11072467708451972, 6.629920270903331e-05, 6.250625434894218e-05, 7.998261557218621e-05, 6.348691174020744e-05, 5.966468255136928e-05, 2.9322916713401107e-05, 2.444376708795522e-05, 2.1563265546688334e-05, 1.7212778706827475e-05, 4.1971464642112067e-05]
0.013841025662575404,_,[310, 310, 830, 310, 495],_,[0.7974651814075235, 1.3951566525920445, 0.7685787369311676, 0.5515876564001434, 0.20226461963603265, 7.825033279055684e-05, 7.245779655428914e-05, 1.3354234434342681e-05, 4.956767365663202e-05, 6.5164859695347e-05, 1.8682937631688195e-05, 3.5125256373758655e-05, 7.999999999999999e-05, 4.026502526989629e-05, 2.9511592432540697e-05]
0.008371003827773189,_,[310, 310, 830, 310, 635],_,[1.11769433437717, 1.261480688147391, 0.5585037442942462, 0.4431477435067835, 0.11025010354615565, 7.49222986940288e-05, 7.229990960610904e-05, 6.917539601113014e-05, 6.978009193223479e-05, 5.7927232578849324e-05, 3.571751331579419e-05, 3.6193533930733045e-05, 1.1322971800563595e-05, 1.6648810109536078e-05, 3.954554509247199e-05]
0.012471657423861545,_,[310, 310, 830, 310, 310],_,[1.2491125436193184, 1.0712190708492402, 0.576034526734482, 0.0504931571969257, 0.3333890401203717, 5.4412622973060264e-05, 7.766492779031005e-05, 6.262707678388739e-05, 6.188850010568337e-05, 7.997924866766155e-05, 4.179013609311458e-05, 4.0982016861545934e-05, 1.4492725915462687e-05, 4.337425495834446e-05, 1.6314519345517065e-05]
0.013394796532271887,_,[310, 310, 635, 495, 495],_,[0.9147200215822716, 1.329719376475681, 0.559472870027659, 0.2653610208420923, 0.054361143228956715, 7.469549558728555e-05, 7.966759111794105e-05, 2.2003033492437945e-05, 1.543470808239119e-05, 3.079617183575946e-05, 3.479055459346678e-05, 2.9550605506112413e-05, 4.222005737501707e-05, 4.886968929043243e-05, 4.5112101046888885e-05]
0.009932204629230076,_,[310, 310, 635, 495, 635],_,[1.2905552574330401, 1.0154927386950268, 0.5944044009231084, 0.19822809242363856, 0.012068279520734157, 4.3386163031010845e-05, 4.87420089487749e-05, 7.05497277586841e-05, 7.235747672354161e-05, 7.237218495429197e-05, 3.5456496341784676e-05, 3.6964409956426615e-05, 1.847663530778686e-05, 2.8397055007874936e-05, 3.083359077386003e-05]
0.011859286942031541,_,[310, 310, 635, 495, 310],_,[1.325917577239058, 1.0696590274747453, 0.6461522166021663, 0.20384627455912058, 0.056313957384567355, 5.4055320473270036e-05, 4.634372464225853e-05, 6.771662651320172e-05, 6.691258899796318e-05, 5.311060461832323e-05, 4.666223283955709e-05, 3.393363016957077e-05, 1.9734458599786978e-05, 3.0168295161093625e-05, 4.278708207305463e-05]
0.013882005578358059,_,[310, 310, 635, 830, 310],_,[1.2934353376144467, 1.0146996773541586, 0.5411124950044295, 0.0905391088428172, 0.1502817950463541, 5.582104407808057e-05, 6.051664233604365e-05, 7.424520892190203e-05, 7.398577493507941e-05, 7.864592026530094e-05, 4.9840270958536916e-05, 4.716537565955969e-05, 3.0882748302952636e-05, 1.7576821806834327e-05, 1.001439668388493e-05]
0.010810819221062416,_,[310, 310, 635, 635, 495],_,[1.3614252645995388, 1.1135827699668985, 0.7196554007706356, 0.3494964749574117, 0.1189970177766023, 5.4330033856026045e-05, 6.040413826104095e-05, 6.530494653314728e-05, 1.485046018611466e-05, 6.0588508305791694e-05, 4.908735881945821e-05, 4.6154104263832145e-05, 1.5540322797679984e-05, 6.580810477934895e-05, 3.2734635944915166e-05]
0.013884078440895516,_,[310, 310, 635, 635, 310],_,[1.234752709928055, 0.9750672213745035, 0.5378160479479375, 0.11500718659458968, 0.015300424393881823, 6.0520278394243385e-05, 6.838928042454693e-05, 6.830218117922353e-05, 7.99870546113529e-05, 5.741018187772789e-05, 5.2241820550173086e-05, 3.7803651546742974e-05, 1.9874387137380174e-05, 2.079649759093668e-05, 4.3575085227939874e-05]
0.014306181289507905,_,[310, 310, 635, 310, 495],_,[1.3232591855629192, 0.9986216241767037, 0.7237455162087624, 0.3390456542786037, 0.1199258562761383, 6.244385686701861e-05, 7.068732628067931e-05, 7.084102909723156e-05, 5.850714476781077e-05, 6.685022736569601e-05, 6.812543767337377e-05, 3.050515164923748e-05, 1.1970181864687934e-05, 2.978885292384152e-05, 3.468003169060026e-05]
0.008740823890469861,_,[310, 310, 635, 310, 830],_,[1.2106762793864079, 1.2975751702801046, 0.6602642902082793, 0.2918148323139906, 0.08157835052783424, 7.845559247173691e-05, 7.813879749100467e-05, 7.373535543844915e-05, 3.338249292210013e-05, 2.447850515775328e-05, 3.801992247719964e-05, 3.0864802305782745e-05, 3.214944461848735e-05, 3.0920865574866186e-05, 7.245325424432337e-05]
0.008327413137693968,_,[310, 310, 635, 310, 635],_,[1.2866590252105348, 1.0980162189442695, 0.6074566695483896, 0.34156897793079866, 0.07437504262418862, 6.2538308818567e-05, 5.187970066794517e-05, 7.694593079125903e-05, 7.681019050547106e-05, 6.314396540983283e-05, 5.653563315996607e-05, 3.94277007105958e-05, 2.2849072955813084e-05, 2.0288638650164714e-05, 3.4687760985695494e-05]
0.012159418204905077,_,[310, 310, 635, 310, 310],_,[1.3040594557750012, 1.089893336861212, 0.6145382926623307, 0.08797301328085018, 0.18936134043565528, 5.7056403098774944e-05, 7.381992188499525e-05, 6.560661798465738e-05, 7.640064468121779e-05, 5.398917609424719e-05, 3.730104035941025e-05, 5.3328595863608165e-05, 2.7769431137468193e-05, 2.838528651488253e-05, 3.0264844098738843e-05]
0.014812363526526323,_,[310, 310, 310, 495, 495],_,[0.809123939594384, 1.2825689442644455, 0.530850192895932, 0.369249840558791, 0.031542910046171074, 7.924780186229596e-05, 6.664342730175337e-05, 7.03276327200022e-05, 6.827584960119116e-05, 2.43076460232094e-05, 2.7071569869487227e-05, 3.224924997532519e-05, 2.980626404186941e-05, 2.6254854850851578e-05, 1.833690205029148e-05]
0.013139353905692625,_,[310, 310, 310, 495, 830],_,[1.3423471056459053, 0.9779847614057212, 0.6848784652096214, 0.29486745543751325, 0.0, 5.1195463141974506e-05, 7.115765896617425e-05, 5.3864473410675995e-05, 6.491751585884426e-05, 4.78428404928812e-05, 4.3905479213505894e-05, 3.7663385404056625e-05, 4.867634636674207e-05, 3.497584547818653e-05, 5.46917362448857e-05]
0.01431519558402577,_,[310, 310, 310, 495, 635],_,[1.2786590475806916, 0.9716827016601259, 0.7140083978248282, 0.4084376777896154, 0.11379845273948498, 5.806260634238923e-05, 5.617570916228039e-05, 2.6424814653534908e-05, 1.9137888223270833e-05, 6.928879917485255e-05, 5.0832516625527396e-05, 2.6867209688583004e-05, 3.656826679722888e-05, 4.683075247001213e-05, 2.9203905843376357e-05]
0.019276782512976067,_,[310, 310, 310, 495, 310],_,[1.3786942971571783, 1.1138037427044516, 0.8914944039113234, 0.44339591840672465, 0.08214484995822145, 6.095533197919167e-05, 4.8088839642165235e-05, 4.4091112292229506e-05, 6.901527761698028e-05, 6.287725978246523e-05, 6.34219217664694e-05, 4.3878119116315514e-05, 4.43214736542512e-05, 3.51330499364216e-05, 7.263293269277821e-05]
0.011534757664014331,_,[310, 310, 310, 830, 495],_,[1.2352630984414756, 1.0124196224409117, 0.6925616730450818, 0.3086410056014925, 0.003166320298936521, 6.254436379885251e-05, 6.836432070065567e-05, 6.342993476799171e-05, 7.712721684649104e-05, 6.011358616732509e-05, 3.875496235372878e-05, 3.309355714486173e-05, 3.304737886586304e-05, 1.5675530101080915e-05, 5.1676442593772726e-05]
0.014701390511803343,_,[310, 310, 310, 830, 635],_,[1.9391939032825342e-05, 2.4945128001037675, 0.12047519174244094, 0.8597502653358504, 0.41666854371047773, 7.9966003472594e-05, 6.558408585614456e-05, 6.808708302335693e-05, 1.8675277506385425e-05, 7.634703335489473e-05, 1.5179043040645619e-05, 2.7702262307149983e-05, 1.477852191598649e-05, 1.1513728900671312e-05, 3.2854001055930904e-05]
0.013944901832527378,_,[310, 310, 310, 830, 310],_,[1.3432109362153053, 1.0585903952202356, 0.9443330161003093, 0.40012642947795246, 0.08105887822170732, 6.841175387664222e-05, 7.622026213852566e-05, 7.537398331757869e-05, 6.88984523599921e-05, 5.8757874203733864e-05, 3.216073213197386e-05, 2.582297543550562e-05, 2.474074867101291e-05, 1.6052333932412743e-05, 6.86936296632536e-05]
0.015847762900243933,_,[310, 310, 310, 635, 495],_,[1.288825541181274, 1.0051687284764792, 0.6963031112667369, 0.37739431645996535, 0.11483656361821265, 5.1976567928788516e-05, 6.387406148330337e-05, 3.860348896010744e-05, 1.6033943534079705e-05, 6.187883801889727e-05, 4.1050632777203155e-05, 3.261561259985941e-05, 3.468715646108056e-05, 6.272151125149409e-05, 3.3145001022305343e-05]
0.012088953229688717,_,[310, 310, 310, 635, 830],_,[1.4649218963939554, 1.1905663359913177, 1.0830064524514444, 0.6146824497763509, 0.12358276080905302, 6.259742937409266e-05, 4.787131932036248e-05, 4.4795237209347204e-05, 7.377167057032413e-05, 2.2642902421520778e-05, 6.148647607635072e-05, 5.22286818519154e-05, 5.117315537923907e-05, 2.7464936008688133e-05, 7.125308480816184e-05]
0.02347973023136168,_,[310, 310, 310, 635, 635],_,[0.8034786479024683, 1.2513632285488252, 0.5189104924064067, 0.2800172772878553, 0.003054134942057076, 7.04193538585601e-05, 7.736826402679382e-05, 7.756002023422231e-05, 1.5457162999946756e-05, 2.8222079645084644e-05, 2.7920134724369878e-05, 2.2053370082775244e-05, 3.272152120083828e-05, 5.077262034599045e-05, 2.3781611906447612e-05]
0.020894154751954965,_,[310, 310, 310, 635, 310],_,[1.3782319964266734, 1.1195568025420097, 0.8198880990793419, 0.4575278412036256, 0.19963203037916374, 5.6224541041821705e-05, 7.563292879892286e-05, 4.0279069448553325e-05, 1.4661878782816648e-05, 6.756908545387067e-05, 4.495208615397337e-05, 2.8661449126226297e-05, 3.946627514883278e-05, 4.690080819014792e-05, 7.457574825475661e-05]
0.016956705195977514,_,[310, 310, 310, 310, 495],_,[0.9865843417886644, 1.2516686006190063, 0.5933307483759944, 0.45683223592891603, 0.14398012884645467, 7.893448822669102e-05, 7.759901221003168e-05, 5.3885297854612987e-05, 3.183017837105587e-05, 1.725533334747775e-05, 3.348451521724593e-05, 2.7798929570348434e-05, 5.215756536102088e-05, 2.5186606505045174e-05, 2.819069885198856e-05]
0.012970614696907795,_,[310, 310, 310, 310, 830],_,[0.920015844984527, 1.3364800098686735, 0.5359389914928967, 1.0027980225266637, 0.22090862712017018, 7.935816671534573e-05, 7.18296632414332e-05, 7.521011979133967e-05, 7.951026330497871e-05, 7.981886545538272e-05, 1.5596494829986103e-05, 4.7200744012834755e-05, 4.671644271316982e-05, 1.989408715075951e-05, 2.5824921426715874e-05]
0.01821338324089434,_,[310, 310, 310, 310, 635],_,[1.1125870310229005, 1.320567100448621, 0.37089521932471203, 0.8547873063546692, 0.16354688800941827, 6.865300016461315e-05, 6.977982065044864e-05, 6.246388421386844e-05, 6.283788108047829e-05, 6.764730064757411e-05, 3.649722534247935e-05, 3.8485481019844556e-05, 3.485732309405406e-05, 2.8732537428183043e-05, 3.711316922973206e-05]
0.02238779598439269,_,[310, 310, 310, 310, 310],_,[1.182509175629559, 1.0723479163197769, 0.5518687021379135, 0.3613547783104529, 0.17318797944625974, 7.0955377750734e-05, 7.831454182269768e-05, 3.5867817417432896e-05, 7.904498442975697e-05, 4.4201168465723304e-05, 3.420934173423047e-05, 3.158998098049622e-05, 3.120120580890651e-05, 3.735889456913966e-05, 2.918580893239617e-05]
