0.00440401135868905,_,[495, 495, 495, 495, 495],_,[1.3529843049755919, 0.9679767698145514, 0.5351488384514813, 0.26348628762914983, 0.1030663993039445, 6.548254440155482e-05, 6.096605488341275e-05, 6.35295228758838e-05, 2.4162162462602914e-05, 6.919764099615861e-05, 3.8086594235196905e-05, 3.9422029690616003e-05, 3.78068657343953e-05, 7.744873437911487e-05, 3.6017422371423844e-05]
0.005202708327596491,_,[495, 495, 495, 495, 310],_,[1.3884179604838787, 1.0805320054079322, 0.7219976045038752, 0.16954420864284003, 0.38244704041642197, 7.385349449698728e-05, 7.067376374522323e-05, 7.097021809003371e-05, 7.252045394574427e-05, 7.706071403969857e-05, 3.628676618165875e-05, 3.188389570746582e-05, 3.7040678236005645e-05, 1.4270071785414419e-05, 1.690759622848542e-05]
0.010497780928079443,_,[495, 495, 495, 635, 310],_,[1.3852604910195476, 1.0997185879857547, 0.8722341354075848, 0.4618856731009102, 0.2512994279789596, 5.324970137089968e-05, 1.754570840144405e-05, 1.785335763204637e-05, 7.827984587334133e-05, 7.145400678606482e-05, 3.1920232001324354e-05, 5.659342699624816e-05, 5.8110824423413195e-05, 1.650314903985186e-05, 2.4815088588695867e-05]
0.007461509847304007,_,[495, 495, 495, 310, 495],_,[1.4995440405787506, 1.2635700021750789, 0.8787402554246341, 0.4572996276926602, 0.33352198443492437, 5.648116860876191e-05, 6.600732907465015e-05, 2.056369836608616e-05, 1.348067686297131e-05, 7.876019322648276e-05, 3.344688556283203e-05, 3.8800905836461044e-05, 2.8812563432238966e-05, 4.818707548390818e-05, 2.5679258226435395e-05]
0.008054801365563321,_,[495, 495, 495, 310, 635],_,[1.2229682497964571, 0.8010955939612828, 0.4986813319676585, 0.2628459693976638, 0.06749643015693645, 6.710973065598005e-05, 2.2032856515011932e-05, 2.1012787783142463e-05, 5.466335193055984e-05, 7.698937610433354e-05, 3.5664321435417274e-05, 4.709547728404656e-05, 6.901727604117669e-05, 6.550507259571095e-05, 3.2657126237488096e-05]
0.011466159775906435,_,[495, 495, 495, 310, 310],_,[1.379431051508916, 1.053717983526606, 0.7051773225459171, 0.06493954974771277, 0.7610864394915426, 1.7948002640591665e-05, 1.778471710701948e-05, 5.919512842545412e-05, 7.140154520505161e-05, 7.918436331941272e-05, 3.9451432056583726e-05, 4.7830255188558715e-05, 4.1908753433635304e-05, 3.50097034753835e-05, 1.531329701225348e-05]
0.008714519412011025,_,[495, 495, 830, 310, 310],_,[1.189866895264743, 1.2849781984955022, 0.6465628337569711, 0.4507654148069752, 0.1318507108210778, 7.755905171523236e-05, 7.702152598858367e-05, 7.600882497126439e-05, 7.955441182587519e-05, 7.097219242960144e-05, 1.4768583911840842e-05, 1.767411896918415e-05, 1.2950951061733694e-05, 2.5973604957692295e-05, 4.4442788770418656e-05]
0.012277183634697689,_,[495, 495, 635, 495, 310],_,[1.439882329430057, 1.1330645283196998, 0.828830869349993, 0.4949593828282407, 0.21747276380522762, 6.20745854045549e-05, 2.1087608665274696e-05, 1.4964674015574598e-05, 1.869821936224805e-05, 6.132950109907297e-05, 3.944801250424883e-05, 5.71439554097916e-05, 6.198701800909266e-05, 3.861075004192622e-05, 6.574068408295615e-05]
0.007515074067387237,_,[495, 495, 635, 310, 495],_,[1.3619100657559766, 0.9832831174869412, 0.6740010430454082, 0.4194136728049095, 0.1874468811697569, 7.106885830599845e-05, 1.6651959542688375e-05, 1.3556565079745432e-05, 4.151177676953723e-05, 6.593671769738233e-05, 4.00572713744133e-05, 3.453902784266244e-05, 6.561194325901483e-05, 5.693639529292262e-05, 3.024296786258152e-05]
0.01102255729653516,_,[495, 495, 635, 310, 310],_,[1.3936289508023156, 0.9167423651069823, 0.8151928296609438, 0.04223332890052216, 0.785321949156189, 6.076457175768121e-05, 7.329607337164257e-05, 6.513515570234856e-05, 6.409208037248382e-05, 7.898203819328974e-05, 4.5104636747410204e-05, 1.1046962274034087e-05, 1.4464877074414121e-05, 4.221666690978066e-05, 1.9114756250552683e-05]
0.009417139620394938,_,[495, 495, 310, 495, 495],_,[1.2603226217877697, 1.230542625508904, 0.6938328582501528, 0.5824232519509767, 0.09063436486510018, 7.898242721300427e-05, 1.4020122556151747e-05, 7.618595577924911e-05, 7.921426075203123e-05, 7.127071731835151e-05, 2.2827776558574162e-05, 7.329031804665998e-05, 3.704715189434073e-05, 2.665658978077759e-05, 6.888156054385712e-05]
0.006164888364778208,_,[495, 495, 310, 495, 635],_,[1.310191809583536, 0.8424233866932426, 0.4926670990428325, 0.33128213086825636, 0.11082383894703215, 6.315271373908774e-05, 6.822984164427852e-05, 7.456492599924901e-05, 7.665627313074105e-05, 7.172539654406528e-05, 3.6842140822241066e-05, 2.923126571280635e-05, 2.5905645884653243e-05, 1.5362526903768578e-05, 2.6323829864367544e-05]
0.010860665128565138,_,[495, 495, 310, 495, 310],_,[1.3412949804176417, 1.0267046650451594, 0.738189565985827, 0.33600539383973377, 0.19851457166169062, 1.775940160089072e-05, 1.5313066889239248e-05, 4.768447598746024e-05, 7.959863184502516e-05, 7.968903710511418e-05, 3.5668124450613495e-05, 3.453101024908872e-05, 4.555004553168735e-05, 2.308154832077779e-05, 2.649427390680851e-05]
0.01240898764301703,_,[495, 495, 310, 830, 310],_,[1.3371340372484757, 0.9869882292726478, 0.7031432932405022, 0.35235579791081817, 0.14074736534518173, 6.762664649239806e-05, 2.4187012255761073e-05, 5.705843634164057e-05, 1.0249720222452422e-05, 5.436684409235148e-05, 3.8656991754104896e-05, 5.2072339153829206e-05, 6.670818269780362e-05, 6.550025329210239e-05, 5.0843348897829736e-05]
0.007546189026106198,_,[495, 495, 310, 635, 495],_,[1.4491127896097076, 1.2572685105941104, 0.9901521051377546, 0.6523642813418442, 0.1695359579209639, 2.5016231976063097e-05, 2.7853590360969365e-05, 6.812894229332603e-05, 7.222014711375378e-05, 5.869222708438612e-05, 5.896314482515203e-05, 6.656156428557331e-05, 2.9607010826176964e-05, 2.0825881164983225e-05, 3.881087749849193e-05]
0.015714076214050396,_,[495, 495, 310, 635, 310],_,[0.6841867950674501, 1.4260147207167115, 0.5314536050157465, 0.3759372780935159, 0.13992348404825164, 7.758234347090688e-05, 7.871795910041274e-05, 3.2930075292942154e-05, 1.3117963364599187e-05, 5.2505607362801735e-05, 1.8022850036588347e-05, 1.804679496216093e-05, 2.8804271108725253e-05, 4.3657354166363025e-05, 6.116582286037691e-05]
0.00869285632221205,_,[495, 495, 310, 310, 495],_,[1.352425550830677, 0.9040051835022938, 0.7422740271105295, 0.0006021586533648125, 0.5538007925970546, 7.252671096666545e-05, 7.15102290419939e-05, 6.669708240652438e-05, 7.548475454828908e-05, 7.621287908844938e-05, 4.311285194734624e-05, 3.6672379312585075e-05, 2.5036550872421723e-05, 2.5118043466657983e-05, 1.2268084587629197e-05]
0.00416332313583037,_,[495, 495, 310, 310, 830],_,[1.367690297906648, 1.0365979441006443, 0.7502970946927416, 0.4719512460084194, 0.17234867651980643, 6.788324449118081e-05, 7.247440674523108e-05, 6.10097078350225e-05, 5.4810681090393284e-05, 7.390494034183785e-05, 3.653828839176104e-05, 3.329997715547781e-05, 4.203098261825449e-05, 4.680020065987114e-05, 1.3925833906644565e-05]
0.008325114088021555,_,[495, 495, 310, 310, 635],_,[1.2414272455369988, 0.8545016927565804, 0.5607688467897406, 0.399589361822579, 0.1608504204086261, 6.973655603497773e-05, 2.1877867043197944e-05, 6.272122866192269e-05, 7.913448524406415e-05, 7.873889717751943e-05, 3.986784815790396e-05, 5.7442932659370365e-05, 5.497357673297243e-05, 1.282781791452358e-05, 2.9130902465218695e-05]
0.013085280277474355,_,[495, 495, 310, 310, 310],_,[1.1769997488401673, 0.9380550354280359, 0.49809232691487254, 0.3366486981928669, 0.08824474923605838, 7.85847048709991e-05, 7.736058589618285e-05, 6.120826765920653e-05, 5.7620584517749395e-05, 5.8954003856085554e-05, 2.5066171557284187e-05, 1.6653832468932487e-05, 4.802640341266963e-05, 4.749215794979386e-05, 4.7666021509558316e-05]
0.006955224750076439,_,[495, 830, 495, 310, 310],_,[1.4908930392912172, 1.1009978394028501, 0.6052059728631248, 0.4534324105832392, 0.20275522185062891, 5.547044521226588e-05, 7.39355880616017e-05, 7.96374226512934e-05, 7.233421395717922e-05, 5.8547338242071864e-05, 5.1376177970815864e-05, 1.6910713464302573e-05, 1.3938988101201674e-05, 3.305718668257305e-05, 4.213166958094324e-05]
0.007464051487267923,_,[495, 830, 310, 495, 310],_,[1.5389323454018005, 1.1311687376036883, 0.6973646493137908, 0.382445171356609, 0.22286599606456176, 6.012193850906042e-05, 7.257843760747232e-05, 6.877413343019359e-05, 7.625527814243536e-05, 7.800163603984524e-05, 3.067458935575839e-05, 1.6967431957344753e-05, 3.6094070068387924e-05, 2.5449230944630827e-05, 2.545118448757473e-05]
0.011253715427669874,_,[495, 830, 310, 310, 495],_,[1.3528908148956476, 0.8352139294028639, 0.04869219146560591, 0.946230642594398, 0.056550070588931495, 6.81263171228979e-05, 7.5913632520401e-05, 6.846614536385225e-05, 7.95883049186272e-05, 7.20353731963196e-05, 6.617130066465238e-05, 2.760108557253892e-05, 5.044774753037967e-05, 1.0422683478874633e-05, 6.659918410377223e-05]
0.009972621567078671,_,[495, 830, 310, 310, 310],_,[1.4030674615550558, 0.8665912934788397, 0.7935718730498336, 0.03509386997490327, 0.5908779115579852, 6.047612330895868e-05, 7.021430993903543e-05, 6.603635445197774e-05, 6.558063944126763e-05, 7.449248517853541e-05, 5.511962849076605e-05, 1.1602845408701767e-05, 2.0891304906491017e-05, 3.699084450648636e-05, 2.767355080148859e-05]
0.005036233386618619,_,[495, 635, 495, 495, 310],_,[1.4037476545458745, 0.9665136474555918, 0.4801269971988804, 0.16783902400757988, 0.05732131711070872, 5.7154128669080526e-05, 6.866218619536842e-05, 6.085840671038599e-05, 2.8396528565505225e-05, 5.404132916288324e-05, 4.478537158188015e-05, 3.183196767669162e-05, 4.1637528059391476e-05, 5.7705989294162694e-05, 5.3633221226017675e-05]
0.006801930264910681,_,[495, 635, 495, 310, 495],_,[1.2860884776938653, 0.9626637894283884, 0.6194393995802427, 0.28788423183072576, 0.1276501918157037, 7.424872265070596e-05, 1.223676161706944e-05, 6.440845810289746e-05, 3.235883885679802e-05, 7.274912555820742e-05, 3.765913267273601e-05, 5.511328238463812e-05, 2.8194056636529737e-05, 5.624920249835345e-05, 3.280583549219156e-05]
0.007772438268241446,_,[495, 635, 495, 310, 310],_,[1.303676229319281, 0.8622457385795045, 0.3762121667752494, 0.1366282976721946, 0.0027171667360660692, 6.364282312528741e-05, 7.31404199322748e-05, 6.50418811005939e-05, 5.913919904700841e-05, 6.195970914810175e-05, 4.821130605330009e-05, 3.479118414814132e-05, 4.9793586051598454e-05, 6.069640427144314e-05, 6.171634450266652e-05]
0.006446867853953847,_,[495, 635, 635, 310, 310],_,[1.4360153374337645, 0.9708378960247889, 0.4466609765150973, 0.21217106606486025, 0.11036431850359778, 5.8148324785779054e-05, 7.55416113975902e-05, 6.80892976264953e-05, 2.937005389320623e-05, 5.257267291480932e-05, 4.447232341159211e-05, 3.649771109330391e-05, 2.881617221821348e-05, 6.586759918733373e-05, 5.1158050641023886e-05]
0.010186044424995024,_,[495, 635, 310, 495, 495],_,[1.2865999194815114, 0.8919212628317899, 0.6656476560758405, 0.4172709111474359, 0.17288502744986872, 7.015991447346114e-05, 1.6199345298287083e-05, 3.718388898092502e-05, 1.8454148652805685e-05, 7.161996604899093e-05, 3.7317762249791446e-05, 7.353656194159183e-05, 7.395016009117105e-05, 7.151940084892494e-05, 3.712236242587249e-05]
0.010321674594287835,_,[495, 635, 310, 495, 310],_,[1.3301665187839373, 0.9990088877512698, 0.768494654543732, 0.3789505456585332, 0.09499880426469233, 6.586421237951962e-05, 1.6399641968534704e-05, 4.315758853786946e-05, 6.730793791255929e-05, 5.7692006752349964e-05, 3.311793921909555e-05, 7.127041939991078e-05, 5.465405809015372e-05, 2.9527804091426784e-05, 5.637321193351899e-05]
0.00886694588359374,_,[495, 635, 310, 635, 310],_,[1.4379165816231079, 1.0967746791594915, 0.7461350839021665, 0.45873554837952885, 0.1201117562779968, 5.480338605496011e-05, 6.54782248511551e-05, 3.1181270327328134e-05, 6.422837917465704e-05, 6.286756880310437e-05, 4.533220409128638e-05, 2.4703597431835303e-05, 6.982357602991533e-05, 1.390282020307405e-05, 6.600130297508887e-05]
0.01169283448857335,_,[495, 635, 310, 310, 495],_,[1.3647240844775774, 0.837212812248445, 0.22504790385097934, 0.7010102308822804, 0.1232405915312181, 6.286600215536427e-05, 6.926973072128459e-05, 6.160900871330228e-05, 7.997909190209282e-05, 5.05087132003039e-05, 4.8051113323457224e-05, 3.399951627597597e-05, 5.007266149561234e-05, 1.0003017092689495e-05, 5.264794274205022e-05]
0.006854824869547031,_,[495, 635, 310, 310, 635],_,[1.4039578515601148, 1.0757197493916066, 0.5407653760313335, 0.916308551222644, 0.22274161884699079, 6.289937577105004e-05, 5.089013276290587e-05, 2.758067669569658e-05, 7.670406245782602e-05, 6.85454954764922e-05, 4.556818211485372e-05, 1.6057209153548243e-05, 6.73043285370687e-05, 1.2325167369100905e-05, 3.621344042723554e-05]
0.009225721971377396,_,[495, 635, 310, 310, 310],_,[1.348046698548298, 0.8391953119322878, 0.42551736562589826, 0.19844662832586438, 0.07878029590889164, 6.12763140660936e-05, 7.897035704283784e-05, 7.973385621734677e-05, 6.348717078951218e-05, 7.700595198811956e-05, 5.9697613794537557e-05, 3.127642250911645e-05, 3.2215010163834214e-05, 5.393517496276553e-05, 3.6314472664662847e-05]
0.008078853400057163,_,[495, 310, 495, 495, 495],_,[1.2716746838435287, 0.8635529870945791, 0.5872785589398981, 0.2241903803227873, 0.07640667867400948, 7.148310259495031e-05, 6.207308847264781e-05, 6.093859590172864e-05, 2.1540373859996797e-05, 2.991827602578382e-05, 3.826013333585617e-05, 3.642896839028432e-05, 1.9390685553150712e-05, 5.4297629391500295e-05, 4.248814380511544e-05]
0.0047785142565239976,_,[495, 310, 495, 495, 635],_,[1.2491336418456616, 0.9063188663727202, 0.5869139345749816, 0.23168269062130223, 0.014636976709413949, 6.623813834616125e-05, 5.234518143148108e-05, 7.17654560182829e-05, 6.824333747212229e-05, 7.425624242898565e-05, 3.529751200523282e-05, 5.8220150234485566e-05, 2.624121670809919e-05, 2.946443144222367e-05, 2.969461566100529e-05]
0.008822104084873333,_,[495, 310, 495, 495, 310],_,[1.34689515202808, 0.9245028774982853, 0.7828792739485843, 0.06130023402884802, 0.7321675299523982, 6.747132410744389e-05, 7.178063943034532e-05, 3.683392838022973e-05, 7.535141424072135e-05, 5.3503518351541255e-05, 3.522522883796535e-05, 2.6501355024183628e-05, 1.8799524245403772e-05, 1.9714937384898356e-05, 1.2007767217383606e-05]
0.008513287070860352,_,[495, 310, 495, 830, 310],_,[1.3366943027048241, 1.0155679593940035, 0.6391664180452421, 0.2773519611765799, 0.12240295144419017, 7.19056599842459e-05, 3.805220504535536e-05, 5.8673034995150135e-05, 1.2479454370226857e-05, 5.400993097275051e-05, 3.4151178294010156e-05, 3.05262420401747e-05, 2.6610643341106646e-05, 6.581929390207604e-05, 4.767253856239226e-05]
0.008637325138881762,_,[495, 310, 495, 635, 495],_,[1.2862039017740823, 0.9665112461104597, 0.8021209162475721, 0.5015267645040916, 0.1340312253031071, 7.202684935895938e-05, 4.724487139244214e-05, 1.1306595772128717e-05, 5.278165475344266e-05, 6.486243427596965e-05, 4.021819296408509e-05, 5.949983606214998e-05, 7.915775609424403e-05, 1.1579249802815342e-05, 3.858423919849318e-05]
0.013485679808169768,_,[495, 310, 495, 635, 310],_,[1.3516366585123183, 0.9863357481745533, 0.691254120040093, 0.4038206318219322, 0.17757244971172442, 6.948963598297891e-05, 5.645024524637615e-05, 1.941320798981275e-05, 1.6367989613394975e-05, 5.0271578885460706e-05, 3.661566044288853e-05, 6.41049337452642e-05, 5.833978018414182e-05, 6.231768869772428e-05, 5.245141672536634e-05]
0.006578126240611722,_,[495, 310, 495, 310, 495],_,[1.2614140670080192, 0.941940347736349, 0.585121475474868, 0.26085828850670406, 0.09130903630078373, 7.113752129407408e-05, 7.631411929881218e-05, 7.052927897590621e-05, 3.6465053279461976e-05, 7.586895037360086e-05, 3.4428929888822576e-05, 5.017302534962501e-05, 3.126074432478909e-05, 5.5632841232549696e-05, 3.7510117429153104e-05]
0.007956916896655794,_,[495, 310, 495, 310, 830],_,[1.26355891074267, 0.8245194748155295, 0.5339893088384015, 0.2349409363034721, 0.04155617146514256, 7.082583920140567e-05, 5.05684180375571e-05, 7.626157764256993e-05, 5.0024688320234354e-05, 3.687715208129465e-05, 3.90088976135197e-05, 4.1546468722013315e-05, 2.7584981767049614e-05, 4.2963923596980764e-05, 6.864691835908567e-05]
0.010252495259648692,_,[495, 310, 495, 310, 635],_,[1.3179543653823431, 0.9172145590141298, 0.6551535090774179, 0.19509715986365453, 0.20556129552573235, 6.964675818643114e-05, 7.462083719772704e-05, 6.408131083113153e-05, 7.999198814331553e-05, 1.385104910778689e-05, 4.095068611711295e-05, 2.808720006968369e-05, 2.628801282580405e-05, 2.360821442173662e-05, 6.976552909978289e-05]
0.009385260897517579,_,[495, 310, 495, 310, 310],_,[1.3334718638045895, 1.036673389296877, 0.6638154280592057, 0.3256235301169143, 0.1309410481433716, 7.134609419754671e-05, 5.1255242492329205e-05, 7.327910968414716e-05, 5.718734772304045e-05, 5.9146474499466946e-05, 3.9609965067438953e-05, 5.3872693983094524e-05, 3.3232972837853646e-05, 4.5496050071612424e-05, 4.7954061318160004e-05]
0.011258638009879066,_,[495, 310, 830, 495, 310],_,[2.394710104960296, 0.15831750657368127, 0.6396932779057842, 0.3438107772235381, 0.10795757170862272, 7.235743942931807e-05, 6.783385985364242e-05, 6.038931021707526e-05, 6.891627536880778e-05, 5.928509221888902e-05, 2.4043594701426366e-05, 3.245207499468444e-05, 4.437784593124802e-05, 3.471644152996565e-05, 3.548693824852096e-05]
0.0063618906161702375,_,[495, 310, 830, 310, 495],_,[1.0961514357602733, 1.1481243075415375, 0.44409983508001427, 0.17777889042813946, 0.044813779962383817, 7.641945335735943e-05, 7.591572942958169e-05, 7.648576418668283e-05, 6.686478958785711e-05, 4.6449072510578314e-05, 2.6015317929895966e-05, 2.830899360651722e-05, 2.187170152830487e-05, 1.3202745846249589e-05, 6.0307979265793615e-05]
0.011439624161379608,_,[495, 310, 830, 310, 310],_,[1.4144883251362617, 1.1033197108792359, 0.7839142092457884, 2.8514437142115985, 0.39890875605418663, 7.375594101147796e-05, 7.390922128448274e-05, 6.982082483891198e-05, 7.651754390301742e-05, 7.402963758469426e-05, 6.486173891857468e-05, 2.7263062628125867e-05, 2.314192665945171e-05, 2.352375350523964e-05, 6.334907533981801e-05]
0.005699066704001583,_,[495, 310, 635, 495, 495],_,[1.2804942797507977, 0.9576385909607396, 0.5885857994095122, 0.24284069115768195, 0.09306151296668227, 7.322307702960367e-05, 6.417208349002171e-05, 6.392269741205691e-05, 3.0640441076400716e-05, 7.129114762842429e-05, 3.7204438299384984e-05, 4.0686543644719746e-05, 1.6224311136884417e-05, 7.47888499333587e-05, 3.479961676440741e-05]
0.0074614948355578884,_,[495, 310, 635, 495, 310],_,[1.238833337126361, 0.9276839074679035, 0.5207724872976599, 0.08308635592617179, 0.11801777632189742, 6.489759096959223e-05, 7.90635804365193e-05, 7.40108785782534e-05, 1.666232217156261e-05, 7.979867550596639e-05, 3.095881282874027e-05, 4.3379570002195894e-05, 2.840920883832554e-05, 5.645389220587307e-05, 2.6599374676465205e-05]
0.0069997689412381004,_,[495, 310, 635, 635, 310],_,[1.289814992355369, 0.8606490160152627, 0.5531615730890577, 0.14276603819474065, 0.10961135589347451, 6.482523114868602e-05, 6.415736120101532e-05, 7.287599815372086e-05, 7.261081872106464e-05, 7.079456559185109e-05, 3.6195113946274984e-05, 3.7525643535258425e-05, 1.822724186175866e-05, 1.744329092898208e-05, 2.8118519918259823e-05]
0.010965078237893092,_,[495, 310, 635, 310, 495],_,[1.197061635518896, 0.7717898223533882, 0.4743880461123981, 0.24975398294309184, 0.0555850037956201, 6.7088877624838e-05, 4.734268285762773e-05, 7.824634452645753e-05, 6.917907232227714e-05, 6.609927462139807e-05, 3.679389656569381e-05, 5.236046198141123e-05, 1.1233801683879274e-05, 4.9900731502612776e-05, 3.8015159860431114e-05]
0.00788672128605607,_,[495, 310, 635, 310, 635],_,[1.2813556492992266, 0.9356529395356004, 0.6274642439459962, 0.30484234300473856, 0.09467148620638598, 7.636137970342309e-05, 6.0441404674653866e-05, 1.3339885294640925e-05, 5.8289602094246365e-05, 7.353416481421846e-05, 2.8879778506741798e-05, 3.96894586867454e-05, 5.072660585214457e-05, 6.839646207828913e-05, 2.9296245910155247e-05]
0.011333270115706333,_,[495, 310, 635, 310, 310],_,[1.437993471640608, 1.107407287960778, 0.8317482993795957, 0.16445849589435843, 0.8928340851147462, 6.89318880838824e-05, 7.232531379755413e-05, 6.466454632785548e-05, 6.230921350719146e-05, 7.963565959285655e-05, 3.600768315345496e-05, 2.721788811504153e-05, 1.7928346166738786e-05, 4.3293161301343336e-05, 1.1762130977874717e-05]
0.008655088126242076,_,[495, 310, 310, 495, 495],_,[1.321485917409378, 0.826330267132108, 0.7903510032293508, 0.31571708129988385, 0.0729708551350714, 4.791962595137333e-05, 6.19284662262225e-05, 7.623410852825479e-05, 3.8256266075374875e-05, 3.656679432483657e-05, 2.684733577196079e-05, 3.51218476814183e-05, 3.675998440305097e-05, 2.1524295218022604e-05, 5.0224094578269186e-05]
0.005022827046320678,_,[495, 310, 310, 495, 830],_,[1.2461190349695852, 1.1695351343164373, 0.3389029212705652, 0.7136561788596413, 0.1629870892462165, 7.39546149833212e-05, 7.424252194599676e-05, 7.443835828404238e-05, 7.359990632848634e-05, 7.779452318905448e-05, 2.8730196407501873e-05, 3.582105160622104e-05, 1.1396698939602754e-05, 3.0029578144545415e-05, 2.9913095841748756e-05]
0.007438741361475932,_,[495, 310, 310, 495, 635],_,[1.3556547575281952, 1.08217452682547, 0.7878784402224933, 0.4717582026889882, 0.12200090236631728, 1.495690584860463e-05, 6.346264775844056e-05, 5.009210864082318e-05, 6.772710105338835e-05, 7.602511380811993e-05, 3.604908411818128e-05, 7.10804270033072e-05, 4.2359294020144574e-05, 3.1565166767737485e-05, 3.1195461890498575e-05]
0.01492902257947879,_,[495, 310, 310, 495, 310],_,[1.5019048008030447, 1.2583471656192784, 1.1546228157965124, 0.49455654541251975, 0.7340693828717166, 3.181918356538695e-05, 5.7029950293876236e-05, 4.9932566265098074e-05, 7.924254353407589e-05, 7.907461189400482e-05, 4.684994933504107e-05, 6.173079260508118e-05, 4.9884782771117854e-05, 2.14711757057814e-05, 2.113682684397208e-05]
0.0049287689409527585,_,[495, 310, 310, 830, 495],_,[1.3508119567418102, 1.0309766573222217, 0.8507033865236694, 0.4297102833813764, 0.08323082138104793, 6.232707891641453e-05, 3.0452766850200713e-05, 5.444251663284581e-05, 6.801710646758416e-05, 4.385847319663917e-05, 3.248531349575979e-05, 3.986395219126535e-05, 4.936297462133483e-05, 1.4433873673718121e-05, 3.631229090734483e-05]
0.013873449998986459,_,[495, 310, 310, 830, 310],_,[1.3734039405311604, 1.020464863306556, 0.7347283668525556, 0.41645409479658463, 0.17468191700394092, 6.56617141186251e-05, 6.145276361013127e-05, 6.0881530522573675e-05, 1.1214851793520547e-05, 5.834001808388417e-05, 3.440120793109155e-05, 6.879481177409569e-05, 7.24702079867969e-05, 6.466290820061972e-05, 5.696739905537557e-05]
0.009311265745341473,_,[495, 310, 310, 635, 495],_,[4.359149756823022, 4.4093340310722615, 0.3993252731313265, 0.694451103459291, 0.1217187679282405, 7.826750585356749e-05, 7.792785118951301e-05, 6.0861140603738564e-05, 7.308931458869375e-05, 7.229473038647406e-05, 3.955106100203689e-05, 3.620115597575166e-05, 1.6286572091726984e-05, 1.3920786462915597e-05, 7.525767087490556e-05]
0.006220740252648807,_,[495, 310, 310, 635, 635],_,[1.2341709814145223, 0.8345755182531192, 0.5919814520350817, 0.27030785192770057, 0.021695731477286644, 7.469526838834031e-05, 6.107725466036973e-05, 6.452340316814217e-05, 6.122581140155698e-05, 7.375792921829753e-05, 4.280910417770682e-05, 6.185369184262917e-05, 4.538838750222603e-05, 1.624080299965733e-05, 3.553597753563895e-05]
0.014745205242168796,_,[495, 310, 310, 635, 310],_,[1.314981338887458, 0.7527820136967883, 0.9117997242754641, 0.18142708354700698, 0.7580989747932136, 6.447724866688138e-05, 6.184721121705604e-05, 7.308117124533437e-05, 7.314391064083719e-05, 1.2752991895507603e-05, 3.8842725875675876e-05, 4.5510791069459514e-05, 4.567866094932061e-05, 1.8004240719585062e-05, 6.181312094323596e-05]
0.009256578533136682,_,[495, 310, 310, 310, 495],_,[1.258352572549812, 0.8697139547997831, 0.5691516005855065, 0.3313875969438704, 0.10660787408353123, 7.321343688197082e-05, 6.160329202642527e-05, 6.925159351892185e-05, 6.232575698597467e-05, 7.740322017787556e-05, 3.99506695346786e-05, 5.4054028687485094e-05, 5.042746816925816e-05, 5.8082007674121386e-05, 4.149932536218982e-05]
0.01064940814831227,_,[495, 310, 310, 310, 830],_,[1.2561106028412288, 0.7887964167883303, 0.5348504252245496, 0.28660905291682276, 0.029884530277111836, 7.307551573323917e-05, 5.750632230508659e-05, 6.691003573088191e-05, 6.266418191167825e-05, 3.566382297637195e-05, 3.943350653213174e-05, 4.930442118907427e-05, 4.0661233445133046e-05, 5.030257517538764e-05, 5.1884790295382555e-05]
0.005807847772185622,_,[495, 310, 310, 310, 635],_,[1.3105128075382144, 1.1095990167505807, 0.8039280663407423, 0.5680018789670416, 0.24498007736385097, 7.59884020319275e-05, 7.914414898859066e-05, 7.426216843217388e-05, 7.699076586724235e-05, 7.873421754088202e-05, 3.0033611911447526e-05, 2.294681978053701e-05, 6.66582136240981e-05, 5.727170059336258e-05, 2.8224347743528278e-05]
0.014121705834182671,_,[495, 310, 310, 310, 310],_,[1.2688442184010646, 0.8377946049806022, 0.5443185155323123, 0.28677404097080855, 0.17535755172117048, 7.210028361018565e-05, 6.493247682028742e-05, 5.3498558514740135e-05, 7.643039422742367e-05, 6.504593484500727e-05, 3.742193954003994e-05, 6.101039440121864e-05, 5.091291717298556e-05, 2.9414351108449355e-05, 3.641496173129928e-05]
0.00673124875383719,_,[830, 495, 495, 310, 310],_,[1.2479754368467844, 0.6946223758960128, 0.40084576068674344, 0.26914683221297014, 0.13190860052005038, 7.219613500065798e-05, 6.277195266383097e-05, 1.836841944293094e-05, 3.504796822650158e-05, 5.679314280864007e-05, 1.756586143070792e-05, 3.2573756430043475e-05, 7.889492002090003e-05, 4.9773406468395535e-05, 4.273370964297077e-05]
0.0072046221251156175,_,[830, 495, 310, 495, 310],_,[1.3982978898436735, 0.8831843135360778, 0.9572388018216167, 0.32367885222616083, 0.17672231486542456, 7.512513350458675e-05, 7.91144423027803e-05, 7.905020059016844e-05, 7.46658472363255e-05, 7.803803428034289e-05, 4.9013429154361204e-05, 2.608561486179092e-05, 2.933261420123391e-05, 4.2609179345462626e-05, 3.8769377316688386e-05]
0.00740513989551133,_,[830, 495, 310, 310, 495],_,[1.2711897280709032, 0.8230720307773011, 0.27710855384063376, 0.857971922950927, 0.11344270873781608, 7.78459297600207e-05, 6.556880754992277e-05, 6.884161149716627e-05, 7.661318825403547e-05, 5.2632198236043026e-05, 2.01813208579807e-05, 3.9854032004453444e-05, 4.0309105826468895e-05, 1.0302169752974632e-05, 6.290538270745241e-05]
0.010138174359811743,_,[830, 495, 310, 310, 310],_,[1.1369524965710132, 0.6661371031061607, 0.4215789923810526, 0.2214599582543441, 0.08690742533098816, 7.770112002293162e-05, 4.0977728425911316e-05, 5.429960512490442e-05, 5.8966824066819046e-05, 6.651678032152525e-05, 2.2123335689549483e-05, 7.940483129533604e-05, 4.870899248422532e-05, 5.8376720775198645e-05, 7.99967386194633e-05]
0.006598840741269735,_,[830, 635, 310, 310, 310],_,[1.3386587515472974, 0.7944337094677684, 0.37444326882594925, 0.3922520812947587, 0.1790465802534028, 7.126974250671575e-05, 7.432358572002475e-05, 2.3420909323969014e-05, 1.3692122771560911e-05, 5.522488439942976e-05, 2.1659696561290927e-05, 3.5580549785843196e-05, 6.699754501907822e-05, 7.324227037425436e-05, 5.7206408804315365e-05]
0.0037474182931396018,_,[830, 310, 495, 495, 310],_,[1.2284486063156677, 0.7288791700032715, 0.6133713708455879, 0.1789355570228577, 0.02266201505155996, 7.607031068920981e-05, 7.53003011892435e-05, 7.204033988608374e-05, 6.977148061834732e-05, 7.210467528575491e-05, 2.3583677134566704e-05, 2.3602255761010446e-05, 2.694671119273e-05, 3.11436855213105e-05, 2.8488575391565217e-05]
0.0032579947859343876,_,[830, 310, 495, 310, 495],_,[1.3553351718090278, 0.7943216126202477, 0.7922778515018593, 0.3329721639007264, 0.190250055986948, 7.311371938810424e-05, 7.886276569660792e-05, 7.890816390207001e-05, 4.7902711912751626e-05, 6.101033204679871e-05, 2.4111435954731567e-05, 2.6498737475507443e-05, 2.5541511372576857e-05, 4.364013091256394e-05, 3.0057775067354085e-05]
0.01101326967044336,_,[830, 310, 495, 310, 310],_,[1.3006972869642328, 0.8788657262182066, 0.7098137132826071, 0.47929082772983744, 0.23120711245373424, 7.782799674896844e-05, 4.154767618485402e-05, 1.3899565731998987e-05, 4.19564763145529e-05, 5.1849337901665766e-05, 1.9722602588476227e-05, 4.686832244738198e-05, 7.213176251649297e-05, 3.873850969636637e-05, 5.645487550334321e-05]
0.00468630138016625,_,[830, 310, 635, 310, 310],_,[1.228370513760557, 0.7851885972857617, 0.5506384086563276, 0.176543391234798, 0.040600109185859615, 7.910461103869788e-05, 7.683791959735028e-05, 7.495788184365153e-05, 3.144122390394557e-05, 5.4194727149103364e-05, 2.455649477920033e-05, 2.5205549703664962e-05, 1.8600669599491524e-05, 2.1956861541334687e-05, 4.1945407253585136e-05]
0.0059481850322008695,_,[830, 310, 310, 495, 495],_,[1.1725919868203833, 0.49497439722825737, 0.5816735688963508, 0.40531844715762416, 0.05361319471574545, 7.677163265000554e-05, 7.435608050651968e-05, 6.675678421862404e-05, 7.42760412515795e-05, 7.012048177856955e-05, 2.6937807699444674e-05, 1.2428338380224238e-05, 1.7378933426841685e-05, 1.3894336513072563e-05, 3.6276652020638086e-05]
0.006252277381965276,_,[830, 310, 310, 495, 310],_,[1.1526365342502354, 0.6483838342327076, 0.48083459500015086, 0.19942845073231746, 0.03389253143950383, 7.599372289773228e-05, 4.679472395301784e-05, 5.1300635232367664e-05, 6.838541076311289e-05, 6.367988080052691e-05, 1.861121814948208e-05, 4.779593602137543e-05, 6.406932828264565e-05, 3.8368884699400614e-05, 4.643475897089202e-05]
0.008471022267711488,_,[830, 310, 310, 635, 310],_,[1.1583424528706754, 0.6620606580401254, 0.436403003529017, 0.23449737102058166, 0.08088630821116806, 7.653254580107693e-05, 4.148149924219069e-05, 5.4034213338367633e-05, 2.0485386709813553e-05, 5.605928648827628e-05, 1.778318072554243e-05, 3.835059887516583e-05, 6.125468304381318e-05, 7.972984765789014e-05, 7.539434532927531e-05]
0.00633147449506357,_,[830, 310, 310, 310, 495],_,[1.1928713354083855, 0.7630443312965931, 0.5811454169129734, 0.32276130812589404, 0.0928153031161348, 7.632761449926404e-05, 2.651870662316858e-05, 6.771851689332335e-05, 6.687323220883346e-05, 6.188644793913515e-05, 1.6560782563596634e-05, 4.318661218214435e-05, 4.6053896912757566e-05, 4.2526484238452185e-05, 4.200797923289162e-05]
0.006725362819368271,_,[830, 310, 310, 310, 635],_,[1.349493467427863, 1.0615369454736305, 0.7630933743877125, 0.8017836240861398, 0.3161902455303678, 7.999018434982462e-05, 2.991425312522888e-05, 1.2488932489150318e-05, 6.007158537573089e-05, 7.283807099188394e-05, 1.8297584450394776e-05, 5.611410640233409e-05, 6.125409939772073e-05, 3.011163609823015e-05, 3.271279652636327e-05]
0.00935195317710664,_,[830, 310, 310, 310, 310],_,[1.2538953506921071, 0.7905051531986534, 0.687576128237576, 0.16063075405976113, 0.5362660970171214, 7.725035020800013e-05, 4.2289253403811336e-05, 5.435468055671392e-05, 7.998618577765518e-05, 7.659882007533858e-05, 1.898613329324923e-05, 5.0584344987485094e-05, 4.734492750626995e-05, 2.8617226348920666e-05, 1.701773619833363e-05]
0.0032057263556905476,_,[635, 495, 495, 495, 310],_,[1.2760422597046064, 0.8402361491314357, 0.5075044828078259, 0.16896333008209843, 0.0279891051943253, 7.415081285500225e-05, 7.058418312113706e-05, 7.482027470198209e-05, 6.476004159206353e-05, 5.421322087451159e-05, 3.261394723125713e-05, 2.9367001398048505e-05, 2.9069397296675456e-05, 3.697850667565033e-05, 5.698216730761006e-05]
0.008813161508424254,_,[635, 495, 495, 310, 495],_,[1.3449280549034919, 0.5217038297066362, 0.8634875116397884, 0.0824485088866087, 0.24107876035683126, 5.43081306504613e-05, 7.623555034501307e-05, 7.612100162664534e-05, 6.777087559205043e-05, 6.566452458847146e-05, 4.2661911666798785e-05, 1.1839681391125118e-05, 3.227241919168799e-05, 2.823009941231381e-05, 2.909738475032817e-05]
0.010967454430431173,_,[635, 495, 495, 310, 310],_,[1.3869187868512545, 0.9898647958537871, 0.5623055498830604, 0.16379783927142483, 0.3815483045530758, 7.741569656577035e-05, 6.704677698942336e-05, 6.221534657501385e-05, 1.8922161306867192e-05, 1.006641340566301e-05, 3.3064315483996356e-05, 5.1264530220739265e-05, 4.172538139320898e-05, 5.510234130605305e-05, 7.955217332785245e-05]
0.010300789273910418,_,[635, 495, 635, 310, 310],_,[1.1312782097880663, 0.6310212060114608, 0.2830042181464883, 3.3161288718771447, 0.009276374378416271, 7.567271959732731e-05, 7.881130497562042e-05, 7.440331182825476e-05, 7.510380475611346e-05, 5.920853625616834e-05, 2.7754129116575205e-05, 1.962525812799405e-05, 1.6559828236738265e-05, 1.2275375947909078e-05, 7.68314791809399e-05]
0.012544282575226906,_,[635, 495, 310, 495, 495],_,[1.2931956088869196, 0.7491434469218549, 0.5062251798017146, 0.18861557312988628, 0.01851537185325838, 1.7477427492460863e-05, 7.372312261234416e-05, 7.949466230986062e-05, 5.798259843489854e-05, 7.681465180678697e-05, 4.135946647976397e-05, 3.1385732428103083e-05, 2.2357415912218917e-05, 3.8947765285496816e-05, 2.3211594924030617e-05]
0.012226835538855068,_,[635, 495, 310, 495, 310],_,[1.2513471777687368, 0.4405877964103717, 0.8665574743050136, 0.1180748689966375, 0.1934288736089056, 4.624365148533012e-05, 7.715475634187444e-05, 6.47779789459825e-05, 6.624067461009418e-05, 6.107967935774e-05, 2.8098230108225186e-05, 2.095695858754919e-05, 3.364445862701857e-05, 3.1467300248712695e-05, 2.3512914101496554e-05]
0.010508286483142485,_,[635, 495, 310, 635, 310],_,[1.3624807392239162, 0.6997930404462556, 1.3536932958907002, 0.24344899877173462, 0.3005685616343593, 6.472653253778751e-05, 6.849488709589518e-05, 7.941494344027186e-05, 7.371562140255664e-05, 2.1399409748038772e-05, 3.602716950766705e-05, 3.368773447808217e-05, 2.28729920386791e-05, 2.649123756639841e-05, 6.409237171164757e-05]
0.011818901618305655,_,[635, 495, 310, 310, 495],_,[1.352029059863339, 0.7206970517962884, 0.9972237843866709, 0.037545510543555836, 0.19877039809924008, 4.576405455353156e-05, 7.421694068709098e-05, 7.892415154418331e-05, 1.1912920021935467e-05, 7.487318673357514e-05, 2.6428532790810987e-05, 3.158006190713894e-05, 2.6354385381568565e-05, 6.094992102320858e-05, 4.8082924749782254e-05]
0.005818863192743137,_,[635, 495, 310, 310, 635],_,[1.2683752050917254, 0.7999686286543618, 0.5258220922666116, 0.24385570320474936, 0.047885934488627935, 7.154964674035875e-05, 7.196289513061846e-05, 5.7980450236877875e-05, 6.052082785055963e-05, 6.727428534133627e-05, 2.5912971194883123e-05, 4.35554995723084e-05, 5.84617378076835e-05, 5.717113302797868e-05, 4.320638575070187e-05]
0.012359133785378387,_,[635, 495, 310, 310, 310],_,[1.1025310807366624, 0.6059237592266739, 0.39199107038045194, 0.09939623303991128, 0.1101517369770698, 7.724896744135778e-05, 1.956812231831704e-05, 6.829639973989511e-05, 5.5830970529495683e-05, 7.966415246620623e-05, 3.07754944010134e-05, 5.174797344301422e-05, 5.6853840439787594e-05, 3.729345811126052e-05, 2.2869761907405e-05]
0.006268909914991225,_,[635, 830, 310, 310, 310],_,[1.3478121699220542, 0.8695020968648296, 0.3738985953237912, 0.42994602293801504, 0.13637792880864066, 7.500719230741299e-05, 6.557786856203134e-05, 7.49133456631341e-05, 7.538205104787692e-05, 6.28543883147223e-05, 3.7345693170979616e-05, 1.2884179876705725e-05, 2.3051339279720417e-05, 2.2540591179640012e-05, 5.8528103405059003e-05]
0.007714424353729456,_,[635, 635, 495, 310, 310],_,[1.2526869099800522, 0.6400265689231248, 0.7187211899333099, 0.0023158701612901755, 0.31290611099131493, 7.894220023372786e-05, 7.982588619076521e-05, 1.2207974264252824e-05, 7.757182680395819e-05, 7.594726382437066e-05, 4.502628618904401e-05, 2.214102334881739e-05, 7.496404081947491e-05, 3.438810995861943e-05, 4.296907969602745e-05]
0.004045030939528561,_,[635, 635, 310, 495, 310],_,[1.363730001641659, 0.882871434494286, 0.5267658729634495, 0.24642959039758744, 0.042478603318197375, 7.051891970682634e-05, 7.419310481703892e-05, 6.557130446639678e-05, 6.720817122087369e-05, 5.546840119864888e-05, 3.3178346464121735e-05, 2.8977140827962177e-05, 3.7744037241542325e-05, 3.64115042972146e-05, 4.797149691040613e-05]
0.003746487405814435,_,[635, 635, 310, 310, 495],_,[1.4529844208878386, 1.0474945948957053, 0.5802383507504952, 0.5077847747130839, 0.21357949186205727, 6.596498910473854e-05, 7.700274960476835e-05, 7.292336209796001e-05, 7.335586240630452e-05, 7.037524273950126e-05, 3.0783242692961823e-05, 3.511058550185717e-05, 2.81587994434895e-05, 2.7662191032551964e-05, 2.6641133597854663e-05]
0.005979596189162624,_,[635, 635, 310, 310, 310],_,[1.398301458748688, 0.9659393051619318, 0.5159671930542025, 0.28299754328708565, 0.10053669673689605, 6.976604084223813e-05, 7.169533081782148e-05, 6.422864597284945e-05, 5.422039630468962e-05, 4.5793151128423144e-05, 3.6832911040094536e-05, 3.1875968550008576e-05, 6.827045469755525e-05, 5.1523093380526064e-05, 6.0860978384912756e-05]
0.0063232624151949935,_,[635, 310, 495, 495, 495],_,[1.3151291924757231, 1.0192129737318434, 0.6375671749083524, 0.33409583014513194, 0.16280815492010642, 7.935542556309017e-05, 6.648677074132695e-05, 6.863774532879003e-05, 2.4879130758073863e-05, 1.4700031771108403e-05, 2.5881546644953135e-05, 2.6775008720027837e-05, 3.419785298544609e-05, 7.50551635789091e-05, 4.277072241356708e-05]
0.012189442689208166,_,[635, 310, 495, 495, 310],_,[1.3259252566094692, 0.9946647544759244, 0.7023471537272614, 0.28552982441769964, 0.28856730126449476, 1.1087834849738049e-05, 5.835167540082725e-05, 2.0521151806050754e-05, 7.799659037992663e-05, 7.809836842702773e-05, 3.457083125343183e-05, 6.101544001370278e-05, 4.105909963519423e-05, 2.1117746942345152e-05, 2.1002890052759325e-05]
0.00798783013453769,_,[635, 310, 495, 635, 310],_,[1.3323212482698752, 0.5270056346874707, 0.8993730356074897, 0.16200950977805623, 1.0809761621890766, 7.16149258933951e-05, 7.671074227480034e-05, 7.423403822789639e-05, 7.143376663242327e-05, 7.878805766769319e-05, 3.919112907304408e-05, 1.4200584370456114e-05, 3.7205179011078076e-05, 2.2754243161172776e-05, 1.3975460856353765e-05]
0.006068821066006993,_,[635, 310, 495, 310, 495],_,[1.2039954449680994, 0.9292597078742395, 0.5528629937611232, 0.38791169366559214, 0.054518850519064584, 7.72022811258176e-05, 6.604294658950607e-05, 6.827876627440095e-05, 7.571398333426372e-05, 6.647972211001425e-05, 2.9706113436539462e-05, 2.6486061519614452e-05, 2.074271294572808e-05, 2.8685005849482347e-05, 3.5675065102856035e-05]
0.007967920254185768,_,[635, 310, 495, 310, 635],_,[1.3681082777962648, 1.1353675455331504, 0.7328245998296233, 0.4464097458401052, 0.1834728261124357, 1.1590370370129023e-05, 5.625753412309242e-05, 6.487724983967534e-05, 5.3465374340240985e-05, 7.342230801758684e-05, 4.743893996030389e-05, 5.7985097115953904e-05, 2.341161595009671e-05, 5.067644862156057e-05, 2.6462572248350917e-05]
0.006403422559319894,_,[635, 310, 495, 310, 310],_,[1.3151685888695905, 0.9671297928427772, 0.6374310653534172, 0.3137925660667171, 0.1793194267030157, 7.538799962112078e-05, 5.627530152532771e-05, 6.0749308755929316e-05, 7.115516103785814e-05, 6.203169788567025e-05, 2.9311564979288015e-05, 6.590882323550389e-05, 2.5412729452541444e-05, 3.5377799293320865e-05, 4.219714889518767e-05]
0.007350602210342577,_,[635, 310, 830, 310, 310],_,[1.3496715847118206, 1.1470846117007574, 0.709632579071988, 0.21354830629583157, 0.13750247981169617, 1.588991369319477e-05, 6.293748620924125e-05, 7.971343291855987e-05, 5.446340110578798e-05, 6.092516535385287e-05, 4.515726398128649e-05, 2.5569153026213627e-05, 1.851238726106171e-05, 4.155965626820024e-05, 3.6868807587863106e-05]
0.008877054504991499,_,[635, 310, 635, 495, 310],_,[1.3137706591699712, 0.6135414132115558, 0.8100810206161098, 0.18881213886297912, 0.044955953356730693, 6.42701928278475e-05, 7.847437220362241e-05, 6.888715459018678e-05, 5.9898836890751484e-05, 5.720267816842797e-05, 4.2131509177547355e-05, 2.5159856871420448e-05, 1.1625049893994917e-05, 6.584236100084303e-05, 6.228050120299429e-05]
0.00834537736744686,_,[635, 310, 635, 310, 495],_,[1.273181762645734, 0.8908709826474888, 0.5624752414732541, 0.2256143407298605, 0.08688083811596446, 7.951994402641316e-05, 5.895288875083569e-05, 1.2607730476428518e-05, 4.659726110985017e-05, 6.0445323888601874e-05, 2.1758154556831977e-05, 3.77288213799428e-05, 3.852060022560533e-05, 5.2659806801200886e-05, 6.861450640606654e-05]
0.010589850551680166,_,[635, 310, 635, 310, 310],_,[1.2390674861879005, 0.6260363988157932, 0.7720601281128208, 0.12019185000057786, 0.2612736479221149, 7.902141144771219e-05, 4.8352381448831696e-05, 7.708316305010275e-05, 7.922024245841712e-05, 7.052414839127772e-05, 3.799875543297193e-05, 1.359352102255074e-05, 1.0180746683990734e-05, 2.8694930364881042e-05, 3.6817638404011685e-05]
0.01069457263945584,_,[635, 310, 310, 495, 495],_,[1.2934292362514759, 1.2885276334919298, 0.644166770336065, 0.7880712972197169, 0.22398299072722097, 7.999682222951096e-05, 1.6199749727027258e-05, 1.2268682846649908e-05, 7.927876806578461e-05, 3.3746868271248884e-05, 2.583652701781434e-05, 7.240686901723515e-05, 3.878204313726828e-05, 2.2717126647528764e-05, 2.4558837256355352e-05]
0.01102081960754813,_,[635, 310, 310, 495, 635],_,[1.1708734502349347, 1.229962333629279, 0.10891266945637935, 0.7487432448396426, 0.1514067969202998, 7.47094286355118e-05, 6.503047557564736e-05, 6.796623551485911e-05, 6.568433104828845e-05, 6.766129737203002e-05, 2.3168860620007743e-05, 3.435415289182344e-05, 3.61705032114056e-05, 2.108723175564504e-05, 4.172255879767351e-05]
0.00642464632953381,_,[635, 310, 310, 495, 310],_,[1.238977392043578, 0.8036144405265973, 0.5606559522463059, 0.27081801601061306, 0.07379075199434498, 7.793979061653701e-05, 5.8544886870501395e-05, 6.392340995665246e-05, 7.070561731594609e-05, 6.249854674697193e-05, 3.0212163346687076e-05, 4.042644372921697e-05, 6.38473104927206e-05, 4.1414356911096726e-05, 6.91577994837314e-05]
0.013197311911703568,_,[635, 310, 310, 830, 310],_,[1.320614242074277, 0.8683937233484046, 0.7611805558254796, 0.328963479862345, 0.07643366046177902, 1.22880824862686e-05, 6.251558281738584e-05, 7.822694827806608e-05, 7.999657627438072e-05, 4.824349729343162e-05, 3.50327522169475e-05, 2.7660769812909035e-05, 2.6111518709297084e-05, 1.3440185344428687e-05, 4.270179306740503e-05]
0.01004699941802911,_,[635, 310, 310, 635, 495],_,[1.113753121591816, 0.5878613575802478, 0.42323043126135035, 3.300760027498414, 0.023967883856502056, 7.611795147817853e-05, 6.257250918160738e-05, 5.626605232335952e-05, 1.4563269151869933e-05, 5.37801040811071e-05, 3.002507061899018e-05, 5.30930160060735e-05, 4.5463928072802746e-05, 6.91020249897583e-05, 5.7575671692077965e-05]
